1.038655405864119530e-03
1.137395971454679966e-03
2.347481902688741684e-03
2.897926606237888336e-03
6.293196696788072586e-03
8.741367608308792114e-03
1.009358279407024384e-02
1.854417100548744202e-02
2.534947544336318970e-02
3.162490949034690857e-02
4.972818121314048767e-02
5.819458141922950745e-02
7.308011502027511597e-02
1.092360764741897583e-01
1.849045604467391968e-01
1.976491510868072510e-01
2.237180769443511963e-01
3.532104194164276123e-01
3.653976023197174072e-01
4.805494546890258789e-01
5.020353794097900391e-01
5.708637237548828125e-01
7.337782382965087891e-01
8.287225961685180664e-01
8.797819614410400391e-01
8.999947905540466309e-01
9.595267772674560547e-01
9.612814784049987793e-01
9.663164019584655762e-01
9.709145426750183105e-01
9.781064987182617188e-01
9.806004762649536133e-01
9.842357635498046875e-01
9.866024255752563477e-01
9.885485172271728516e-01
9.887581467628479004e-01
9.908004403114318848e-01
9.923071265220642090e-01
9.927490353584289551e-01
9.933640956878662109e-01
9.941621422767639160e-01
9.947572946548461914e-01
9.954171180725097656e-01
9.957611560821533203e-01
9.958939552307128906e-01
9.966408014297485352e-01
9.968060851097106934e-01
9.973642826080322266e-01
9.974842667579650879e-01
9.977830648422241211e-01
9.978830814361572266e-01
9.980268478393554688e-01
9.981467723846435547e-01
9.983424544334411621e-01
9.984009861946105957e-01
9.985595941543579102e-01
9.986736774444580078e-01
9.987149238586425781e-01
9.987953305244445801e-01
9.989025592803955078e-01
9.989265203475952148e-01
9.989711642265319824e-01
9.991875886917114258e-01
9.992199540138244629e-01
9.992831349372863770e-01
9.993446469306945801e-01
9.993615150451660156e-01
9.994139075279235840e-01
9.994692802429199219e-01
9.995035529136657715e-01
9.995378851890563965e-01
9.996019601821899414e-01
9.996184110641479492e-01
9.996283650398254395e-01
9.996734261512756348e-01
9.997153878211975098e-01
9.997431039810180664e-01
9.997479319572448730e-01
9.997978806495666504e-01
9.998025894165039062e-01
9.998190999031066895e-01
9.998331069946289062e-01
9.998415708541870117e-01
9.998515844345092773e-01
9.998771548271179199e-01
9.998857378959655762e-01
9.999030232429504395e-01
9.999202489852905273e-01
9.999366402626037598e-01
9.999396800994873047e-01
9.999440908432006836e-01
9.999571442604064941e-01
9.999703168869018555e-01
9.999736547470092773e-01
9.999781250953674316e-01
9.999800920486450195e-01
9.999880790710449219e-01
9.999915957450866699e-01
1.000000834465026855e+00
1.000013351440429688e+00
1.000016212463378906e+00
1.000020980834960938e+00
1.000023841857910156e+00
1.000028967857360840e+00
1.000039219856262207e+00
1.000058889389038086e+00
1.000068306922912598e+00
1.000071883201599121e+00
1.000081777572631836e+00
1.000102996826171875e+00
1.000108242034912109e+00
1.000115394592285156e+00
1.000131607055664062e+00
1.000143408775329590e+00
1.000171065330505371e+00
1.000201582908630371e+00
1.000213027000427246e+00
1.000223517417907715e+00
1.000249385833740234e+00
1.000273942947387695e+00
1.000306248664855957e+00
1.000323653221130371e+00
1.000342130661010742e+00
1.000373125076293945e+00
1.000384569168090820e+00
1.000474095344543457e+00
1.000495433807373047e+00
1.000517129898071289e+00
1.000553727149963379e+00
1.000578880310058594e+00
1.000601053237915039e+00
1.000681757926940918e+00
1.000726580619812012e+00
1.000880599021911621e+00
1.000906825065612793e+00
1.000931978225708008e+00
1.001001715660095215e+00
1.001082897186279297e+00
1.001226782798767090e+00
1.001313567161560059e+00
1.001372694969177246e+00
1.001555681228637695e+00
1.001715540885925293e+00
1.001823663711547852e+00
1.002215623855590820e+00
1.002243161201477051e+00
1.002473115921020508e+00
1.002664804458618164e+00
1.002936840057373047e+00
1.003463268280029297e+00
1.003780126571655273e+00
1.004644393920898438e+00
1.004770517349243164e+00
1.005056381225585938e+00
1.005822062492370605e+00
1.007703542709350586e+00
1.009687781333923340e+00
1.009839415550231934e+00
1.015593767166137695e+00
1.025694847106933594e+00
1.031338095664978027e+00
1.099729537963867188e+00
1.135293364524841309e+00
1.244331002235412598e+00
1.434231758117675781e+00
1.691568374633789062e+00
1.822495579719543457e+00
2.447667121887207031e+00
3.088819503784179688e+00
4.469691753387451172e+00
5.757290840148925781e+00
6.344182968139648438e+00
1.023328304290771484e+01
1.132177543640136719e+01
1.340392017364501953e+01
2.075752258300781250e+01
2.442514801025390625e+01
3.381575393676757812e+01
4.118533706665039062e+01
6.318377304077148438e+01
6.755248260498046875e+01
1.073037719726562500e+02
1.666572570800781250e+02
2.506643218994140625e+02
3.311214599609375000e+02
4.410670471191406250e+02
6.408850708007812500e+02
6.649906005859375000e+02
1.315189819335937500e+03
1.718499023437500000e+03
2.088074707031250000e+03
3.235295410156250000e+03
5.176146484375000000e+03
8.362352539062500000e+03
1.072448730468750000e+04
1.318118066406250000e+04
2.174091796875000000e+04
3.431553125000000000e+04
7.623678906250000000e+04
1.314401250000000000e+05
3.865322750000000000e+06
