-3.905181640625000000e+04
-3.181173437500000000e+04
-2.665692578125000000e+04
-2.090428906250000000e+04
-2.028755078125000000e+04
-1.184696191406250000e+04
-1.033041699218750000e+04
-8.420511718750000000e+03
-5.281978515625000000e+03
-3.218323974609375000e+03
-2.813021240234375000e+03
-1.395638061523437500e+03
-1.037289550781250000e+03
-9.269529418945312500e+02
-8.327521362304687500e+02
-7.442250366210937500e+02
-6.569479370117187500e+02
-5.382117919921875000e+02
-4.862349853515625000e+02
-3.913446044921875000e+02
-3.036230773925781250e+02
-2.528265380859375000e+02
-2.425421295166015625e+02
-2.318286285400390625e+02
-1.871247558593750000e+02
-1.630846862792968750e+02
-1.369925689697265625e+02
-1.211893615722656250e+02
-1.089268569946289062e+02
-9.890171051025390625e+01
-9.520848846435546875e+01
-7.925756835937500000e+01
-6.361352157592773438e+01
-5.015774536132812500e+01
-4.377230072021484375e+01
-4.056888198852539062e+01
-2.536452293395996094e+01
-1.312189102172851562e+01
-1.054768657684326172e+01
-7.800462245941162109e+00
-4.965356826782226562e+00
-4.351158618927001953e+00
-3.144697189331054688e+00
-2.699802637100219727e+00
-1.902602910995483398e+00
-1.056662559509277344e+00
-9.138781428337097168e-01
-8.421517610549926758e-01
-4.580429792404174805e-01
-2.339928299188613892e-01
-2.053487449884414673e-01
-1.177312210202217102e-01
-6.484594941139221191e-02
-3.943214192986488342e-02
-3.156244754791259766e-02
-1.964973658323287964e-02
-1.604229211807250977e-02
-1.172256562858819962e-02
-8.921467699110507965e-03
-4.119039047509431839e-03
-3.521498758345842361e-03
-3.189769806340336800e-03
-2.777947345748543739e-03
-2.462716307491064072e-03
-2.106979489326477051e-03
-1.454494078643620014e-03
-1.373869134113192558e-03
-1.118558808229863644e-03
-7.378459558822214603e-04
-6.528372177854180336e-04
-4.654892254620790482e-04
-3.731498727574944496e-04
-2.616310957819223404e-04
-1.943642128026112914e-04
-1.851204142440110445e-04
-1.360041205771267414e-04
-1.002202043309807777e-04
-7.839006138965487480e-05
-6.141055928310379386e-05
-4.534981781034730375e-05
-3.853653106489218771e-05
-2.961385871458332986e-05
-2.115772986144293100e-05
-1.276433431485202163e-05
-1.083466472096006328e-07
2.170939268353322404e-07
3.514516265568090603e-06
7.122044280549744144e-06
1.301295560551807284e-05
3.260626908740960062e-05
5.872737528989091516e-05
8.398458885494619608e-05
9.586709347786381841e-05
1.421640336047858000e-04
1.880346535472199321e-04
1.953294267877936363e-04
2.973890514113008976e-04
3.882237360812723637e-04
5.151426303200423717e-04
5.805846885778009892e-04
1.362136681564152241e-03
1.585959107615053654e-03
2.207299461588263512e-03
2.254598541185259819e-03
3.091774648055434227e-03
3.432359080761671066e-03
4.715160932391881943e-03
6.140170153230428696e-03
7.149358280003070831e-03
8.969085291028022766e-03
1.389001682400703430e-02
1.722927391529083252e-02
2.363885752856731415e-02
2.589655108749866486e-02
3.644453361630439758e-02
4.573003202676773071e-02
9.685610979795455933e-02
1.325284689664840698e-01
1.536025255918502808e-01
3.083874583244323730e-01
3.824284672737121582e-01
5.777063369750976562e-01
1.088608741760253906e+00
1.487720966339111328e+00
2.725098848342895508e+00
3.641458034515380859e+00
4.174904823303222656e+00
4.561412334442138672e+00
6.401007652282714844e+00
8.912560462951660156e+00
1.788413619995117188e+01
2.268480682373046875e+01
2.710548400878906250e+01
2.996265792846679688e+01
3.810229492187500000e+01
4.447701263427734375e+01
4.864113616943359375e+01
6.195002365112304688e+01
6.780568695068359375e+01
8.104579925537109375e+01
9.102176666259765625e+01
9.387804412841796875e+01
1.031085052490234375e+02
1.104724121093750000e+02
1.327492218017578125e+02
1.521975860595703125e+02
1.610716705322265625e+02
1.711966857910156250e+02
1.831628265380859375e+02
2.291876220703125000e+02
2.368686523437500000e+02
2.767350158691406250e+02
3.435185546875000000e+02
3.794128723144531250e+02
4.134140014648437500e+02
4.642948303222656250e+02
4.890951843261718750e+02
5.230999755859375000e+02
5.560072021484375000e+02
5.868206787109375000e+02
6.940712890625000000e+02
7.246308593750000000e+02
7.810361938476562500e+02
8.199385986328125000e+02
8.809177856445312500e+02
8.923993530273437500e+02
1.059478027343750000e+03
1.147817993164062500e+03
1.168139892578125000e+03
1.889811767578125000e+03
2.421222656250000000e+03
2.760766601562500000e+03
3.078454101562500000e+03
3.529360107421875000e+03
3.873290039062500000e+03
3.943041992187500000e+03
4.181445312500000000e+03
5.028714843750000000e+03
5.671829101562500000e+03
6.498320800781250000e+03
7.504109375000000000e+03
9.704041015625000000e+03
1.067882421875000000e+04
1.172312304687500000e+04
1.287837207031250000e+04
1.493695507812500000e+04
1.817781835937500000e+04
1.884274804687500000e+04
2.061795312500000000e+04
2.389742968750000000e+04
2.502619921875000000e+04
2.644385546875000000e+04
2.859508203125000000e+04
3.400992968750000000e+04
3.619855859375000000e+04
4.322951953125000000e+04
4.526461718750000000e+04
5.707298046875000000e+04
6.216104687500000000e+04
6.527219921875000000e+04
7.050588281250000000e+04
