-6.623190711252391338e-04
-2.472247870173305273e-04
-8.169915963662788272e-05
-4.415658986545167863e-05
1.143516510637709871e-05
2.860147651517763734e-05
6.117984594311565161e-05
8.144025196088477969e-05
8.823607640806585550e-05
1.309011277044191957e-04
1.984390983125194907e-04
2.270465774927288294e-04
3.101094334851950407e-04
4.211789637338370085e-04
5.756775499321520329e-04
5.909171886742115021e-04
7.677389658056199551e-04
9.389441111125051975e-04
1.478564343415200710e-03
1.978134503588080406e-03
2.417945768684148788e-03
3.419014625251293182e-03
3.905363380908966064e-03
5.296946037560701370e-03
7.311344146728515625e-03
1.025646738708019257e-02
1.186945568770170212e-02
1.831145770847797394e-02
2.949983626604080200e-02
4.678698629140853882e-02
6.221556663513183594e-02
8.903069794178009033e-02
1.378377377986907959e-01
2.005742639303207397e-01
3.475444614887237549e-01
4.471991658210754395e-01
5.413196682929992676e-01
6.604295969009399414e-01
7.511800527572631836e-01
8.390194177627563477e-01
8.935502767562866211e-01
9.124791026115417480e-01
9.590278267860412598e-01
9.737375974655151367e-01
9.864491224288940430e-01
9.890840649604797363e-01
9.935158491134643555e-01
9.938532710075378418e-01
9.946801662445068359e-01
9.956090450286865234e-01
9.967441558837890625e-01
9.968273043632507324e-01
9.973172545433044434e-01
9.976999163627624512e-01
9.978618025779724121e-01
9.980289936065673828e-01
9.983850717544555664e-01
9.986535310745239258e-01
9.987882375717163086e-01
9.989275336265563965e-01
9.990695714950561523e-01
9.991351366043090820e-01
9.992561340332031250e-01
9.992975592613220215e-01
9.993394017219543457e-01
9.993456006050109863e-01
9.994714260101318359e-01
9.995036125183105469e-01
9.995487332344055176e-01
9.995678067207336426e-01
9.995864033699035645e-01
9.996221065521240234e-01
9.996379613876342773e-01
9.997062087059020996e-01
9.997109770774841309e-01
9.997377395629882812e-01
9.997597336769104004e-01
9.997743368148803711e-01
9.997873902320861816e-01
9.998018741607666016e-01
9.998208284378051758e-01
9.998378753662109375e-01
9.998462796211242676e-01
9.998522400856018066e-01
9.998682737350463867e-01
9.998937845230102539e-01
9.999033808708190918e-01
9.999104738235473633e-01
9.999183416366577148e-01
9.999289512634277344e-01
9.999319314956665039e-01
9.999426007270812988e-01
9.999467134475708008e-01
9.999523758888244629e-01
9.999595284461975098e-01
9.999616742134094238e-01
9.999645948410034180e-01
9.999719858169555664e-01
9.999795556068420410e-01
9.999839663505554199e-01
9.999843239784240723e-01
9.999880194664001465e-01
9.999912977218627930e-01
9.999952316284179688e-01
1.000001668930053711e+00
1.000005960464477539e+00
1.000013470649719238e+00
1.000015616416931152e+00
1.000018954277038574e+00
1.000028491020202637e+00
1.000031948089599609e+00
1.000038146972656250e+00
1.000050306320190430e+00
1.000051259994506836e+00
1.000059247016906738e+00
1.000065684318542480e+00
1.000070095062255859e+00
1.000077605247497559e+00
1.000086307525634766e+00
1.000101208686828613e+00
1.000108480453491211e+00
1.000122904777526855e+00
1.000128269195556641e+00
1.000147104263305664e+00
1.000151157379150391e+00
1.000155925750732422e+00
1.000186204910278320e+00
1.000208377838134766e+00
1.000215053558349609e+00
1.000246763229370117e+00
1.000256180763244629e+00
1.000277996063232422e+00
1.000286698341369629e+00
1.000314235687255859e+00
1.000340700149536133e+00
1.000389814376831055e+00
1.000440835952758789e+00
1.000481486320495605e+00
1.000486373901367188e+00
1.000527381896972656e+00
1.000561952590942383e+00
1.000614643096923828e+00
1.000694036483764648e+00
1.000779628753662109e+00
1.000811219215393066e+00
1.000955343246459961e+00
1.001001477241516113e+00
1.001078248023986816e+00
1.001135706901550293e+00
1.001380085945129395e+00
1.001588940620422363e+00
1.001991868019104004e+00
1.002027869224548340e+00
1.002654910087585449e+00
1.002840280532836914e+00
1.003595352172851562e+00
1.004306077957153320e+00
1.004756927490234375e+00
1.006165146827697754e+00
1.012214541435241699e+00
1.014881610870361328e+00
1.021690845489501953e+00
1.034078717231750488e+00
1.055382251739501953e+00
1.061399459838867188e+00
1.088262796401977539e+00
1.235327482223510742e+00
1.363429784774780273e+00
1.462879896163940430e+00
1.916895151138305664e+00
3.036725282669067383e+00
3.448672294616699219e+00
3.826424360275268555e+00
7.938643455505371094e+00
1.015071964263916016e+01
1.263272857666015625e+01
1.407977771759033203e+01
2.630245971679687500e+01
2.737926864624023438e+01
3.391740798950195312e+01
6.274719238281250000e+01
8.808051300048828125e+01
9.669462585449218750e+01
1.387244873046875000e+02
2.290458068847656250e+02
3.052108154296875000e+02
4.400416259765625000e+02
1.138647338867187500e+03
1.315948974609375000e+03
1.718320068359375000e+03
2.233445800781250000e+03
4.816349121093750000e+03
8.357648437500000000e+03
1.500996386718750000e+04
2.223731835937500000e+04
2.792398046875000000e+04
4.286615234375000000e+04
4.836445312500000000e+04
1.170169062500000000e+05
5.465021250000000000e+05
9.411518750000000000e+05
