-3.177175598144531250e+02
-2.313683471679687500e+02
-2.073512878417968750e+02
-1.508340759277343750e+02
-1.403571777343750000e+02
-1.165987854003906250e+02
-9.269468688964843750e+01
-6.135146713256835938e+01
-5.686491394042968750e+01
-3.939986038208007812e+01
-3.234347152709960938e+01
-3.056441688537597656e+01
-2.538507270812988281e+01
-2.048431777954101562e+01
-1.752618217468261719e+01
-1.568199825286865234e+01
-1.253350830078125000e+01
-1.174184894561767578e+01
-1.054053878784179688e+01
-9.088255882263183594e+00
-8.768110275268554688e+00
-7.870101928710937500e+00
-7.281217098236083984e+00
-6.251144886016845703e+00
-5.550081729888916016e+00
-4.668221473693847656e+00
-4.021657466888427734e+00
-3.380928993225097656e+00
-2.819518566131591797e+00
-2.330971002578735352e+00
-2.176589965820312500e+00
-2.146012544631958008e+00
-1.806542754173278809e+00
-1.686324477195739746e+00
-1.415695667266845703e+00
-1.219842553138732910e+00
-9.701181650161743164e-01
-9.243351221084594727e-01
-6.663352251052856445e-01
-6.378171443939208984e-01
-5.024492740631103516e-01
-3.821285068988800049e-01
-3.061828911304473877e-01
-1.887643337249755859e-01
-1.450707763433456421e-01
-1.382330358028411865e-01
-1.025925800204277039e-01
-9.278909862041473389e-02
-6.543770432472229004e-02
-5.010016635060310364e-02
-3.654848039150238037e-02
-2.678872831165790558e-02
-2.149371430277824402e-02
-1.278789527714252472e-02
-1.044374611228704453e-02
-7.997418753802776337e-03
-6.219073198735713959e-03
-4.847076255828142166e-03
-2.825317205861210823e-03
-1.201189588755369186e-03
-8.787217084318399429e-04
-8.214075933210551739e-04
-5.145228351466357708e-04
-2.813826722558587790e-04
-2.469525206834077835e-04
-1.373522827634587884e-04
-4.513089879765175283e-05
-3.871278750011697412e-05
-6.726859282935038209e-06
-3.539306817401666194e-06
-8.997914164865505882e-07
-6.156922154332278296e-07
-5.596973551291739568e-07
-4.402172919526492478e-07
-4.321553888075868599e-07
-3.114641060619760538e-07
-2.418799454062536824e-07
-1.430926914736119215e-07
-1.040803496721309784e-07
2.026842160773867363e-08
4.937173159191843297e-08
8.666135897783533437e-08
2.085927235384588130e-07
2.913882610755536007e-07
4.316524666592158610e-07
4.637764732251525857e-07
4.832073159377614502e-07
5.277877335174707696e-07
5.566016625380143523e-07
8.969213922682683915e-07
1.020664171846874524e-06
1.263616127289424185e-06
1.901208406707155518e-06
3.459369736447115429e-06
6.043560006219195202e-06
1.379064724460477009e-05
1.872764187282882631e-05
2.594153011159505695e-05
3.419846689212135971e-05
4.338197322795167565e-05
5.735244485549628735e-05
9.020077413879334927e-05
1.632287167012691498e-04
1.873198198154568672e-04
2.384825929766520858e-04
3.179965424351394176e-04
4.074303433299064636e-04
4.498116322793066502e-04
6.423769518733024597e-04
1.119526918046176434e-03
1.236197538673877716e-03
1.729534822516143322e-03
2.008295152336359024e-03
3.551188390702009201e-03
4.473150707781314850e-03
5.706890486180782318e-03
6.338568404316902161e-03
7.970548234879970551e-03
9.541434235870838165e-03
1.112106069922447205e-02
1.305645331740379333e-02
1.877728663384914398e-02
2.829799056053161621e-02
3.016939572989940643e-02
4.338329285383224487e-02
5.526550114154815674e-02
5.773800611495971680e-02
6.965507566928863525e-02
9.040714800357818604e-02
1.000752076506614685e-01
1.098689287900924683e-01
1.182432472705841064e-01
1.477750986814498901e-01
1.661003530025482178e-01
2.051691710948944092e-01
2.510396540164947510e-01
2.818109989166259766e-01
3.556480407714843750e-01
3.883907496929168701e-01
4.781486690044403076e-01
5.620351433753967285e-01
7.185019254684448242e-01
7.353448271751403809e-01
9.936411380767822266e-01
1.109147667884826660e+00
1.326328396797180176e+00
1.441734790802001953e+00
1.625997424125671387e+00
2.008640050888061523e+00
2.138916254043579102e+00
2.377168655395507812e+00
2.594404458999633789e+00
2.818886280059814453e+00
3.078004360198974609e+00
3.587335586547851562e+00
4.233891963958740234e+00
4.414099693298339844e+00
5.933088779449462891e+00
6.421619415283203125e+00
7.489274978637695312e+00
7.624799728393554688e+00
8.343699455261230469e+00
9.449615478515625000e+00
9.703038215637207031e+00
9.996152877807617188e+00
1.106617069244384766e+01
1.146263504028320312e+01
1.163240242004394531e+01
1.306067562103271484e+01
1.470781707763671875e+01
1.841147422790527344e+01
1.921833229064941406e+01
1.992942810058593750e+01
2.444379043579101562e+01
2.671922111511230469e+01
2.803867721557617188e+01
3.024250411987304688e+01
3.245045089721679688e+01
3.812834548950195312e+01
4.265701293945312500e+01
5.225521850585937500e+01
5.848667526245117188e+01
6.830029296875000000e+01
7.875013732910156250e+01
8.911811065673828125e+01
9.523165893554687500e+01
1.107139358520507812e+02
1.167063674926757812e+02
1.279343490600585938e+02
1.340347900390625000e+02
1.424571533203125000e+02
1.576660461425781250e+02
1.672340850830078125e+02
2.058286895751953125e+02
2.351824798583984375e+02
2.502811889648437500e+02
3.793723754882812500e+02
3.901005859375000000e+02
4.287841796875000000e+02
5.531627197265625000e+02
8.244335327148437500e+02
