6992.5994046506339 0.023271905680447839 6992.5761327449536 1.0428963207323798
6547.8064768541644 1.2883835693680903 6546.5180932847961 2.4940811008863504
6916.031427769236 6.8766781423508885 6909.1547496268849 5.052775712899579
6725.1571631533707 5.5292296650784829 6719.627933488292 4.076845913972273
7770.4484864565266 4.0416724613269812 7766.4068139952 3.3676834223830734
7037.6734562992442 7.4112607864809732 7030.2621955127634 4.919717827874946
8029.3621191019329 5.924998289165992 8023.4371208127668 3.8414293823196433
6903.390365745121 7.632986424209113 6895.7573793209122 5.238701782811393
7025.7677622474939 5.9659021395555367 7019.8018601079384 3.5625646361511696
7975.1712370764908 3.6987754617725352 7971.4724616147187 3.5950708621936656
7500.4801377298709 5.2624851238776813 7495.217652605993 3.7478798665469792
6334.995231927337 9.5290352642600329 6325.4661966630774 5.130271293251946
6173.037194030152 13.556579364057997 6159.480614666094 7.350962051920551
5825.9579574898034 6.6035183722845154 5819.3544391175192 3.300826315525269
5014.6864025098675 5.9435099581338608 5008.7428925517333 3.244688939919169
4977.1977658415963 8.5692584883332064 4968.6285073532626 4.176192151963887
4567.7104555742262 11.182358023512144 4556.5280975507139 4.426128835242374
3718.176221054674 12.809468410443882 3705.36675264423 5.603415333873173
3558.8403894216353 17.5007804938177 3541.3396089278176 5.7897109788206675
3171.2044160472351 18.415024845697918 3152.789391201537 5.9748577632301565
2767.7480949621872 18.640793221188307 2749.107301740999 6.027512596860041
3069.6688074795352 21.856477285838242 3047.8123301936971 6.164260316711622
3151.0162798531269 17.042233414671855 3133.9740464384549 6.307490482393252
3783.7899899089052 20.607302933111978 3763.1826869757933 6.4115948488594245
3770.726064790385 21.076894028196989 3749.6491707621881 6.464813385656739
3589.5096063265964 18.835875372153147 3570.6737309544433 6.7222305158255535
3748.3362413779364 20.689456801680432 3727.6467845762559 6.679938216742685
2951.9529883625642 20.933748665280962 2931.0192396972834 6.707253938423561
2712.3270325214016 20.332372645905945 2691.9946598754955 6.831387028513628
2934.2703963803915 22.731572872812556 2911.5388235075789 6.874423621049059
2904.5132272232108 22.113920349241319 2882.3993068739696 6.946927172310589
3874.2132949070929 19.684859180749989 3854.5284357263427 7.020994200107568
3387.6639288672222 21.1145138763054 3366.5494149909168 7.172873896164483
2871.3056692411042 22.673805317433409 2848.6318639236706 7.1790831315642745
2908.2165861995568 23.168775547936676 2885.0478106516202 7.273229449521296
3309.054890076929 21.675045330087151 3287.3798447468421 7.2949492862120415
3212.6196094466845 24.076012277813419 3188.5435971688712 7.304741141335031
4258.1480150693387 24.03273496436853 4234.11528010497 7.540033141604667
3633.738997242895 25.233183921897488 3608.5058133209977 7.5516768596258075
2770.5098904689867 25.980749109996495 2744.5291413589903 7.54640906648281
3086.4709820953294 30.792730607315374 3055.6782514880142 7.735823390708547
2806.4504342668943 30.052270614210048 2776.3981636526842 7.869542591697928
3246.5247940342256 26.56275323821977 3219.962040796006 7.950334779650157
2477.272098862104 25.198023713387947 2452.074075148716 8.12324130391662
3227.2797050285653 30.159835634642242 3197.1198693939232 8.25767051566013
1889.7567492160463 27.252656682064149 1862.5040925339822 8.359644414905706
2267.2837984142484 23.367200571705023 2243.9165978425435 8.460502687073815
2369.9258518247175 27.16101841488473 2342.7648334098326 8.611358347417974
3180.034610957382 33.577940009149657 3146.4566709482324 8.687349505104466
2871.1725837239928 30.377409777374957 2840.795173946618 8.862018043708957
2895.4828905178088 35.772683723714181 2859.7102067940946 8.932229513342877
2844.2974224007958 28.142119759088068 2816.1553026417077 9.149683442869316
2303.9030959256124 33.750440280299472 2270.1526556453132 9.258166612262919
2343.8417680074949 32.566150764272713 2311.2756172432223 9.519457044658594
3334.1730192957502 35.220151735120055 3298.9528675606302 9.540609672415385
2470.5548334507444 36.278637045381409 2434.276196405363 9.701512718958156
2331.4048339641877 34.324421715699671 2297.0804122484878 9.746896653776135
2392.89426872207 35.34453251448052 2357.54973620759 9.722804412090554
2471.3292933850958 41.864918056413948 2429.4643753286819 9.809653228270049
2610.3383095619042 42.400378876743517 2567.9379306851606 9.851095739698714
2708.0744381763479 40.042225267567915 2668.03221290878 9.915427713349775
2450.7537050089877 32.379274559701933 2418.3744304492857 10.005771717201318
2154.4774377546073 41.0378027224264 2113.4396350321808 10.08850456010976
2833.9930118639572 36.440893465805132 2797.5521183981523 10.090530689943293
2786.2572858730314 37.390264181788162 2748.8670216912433 10.205776816242404
3214.8292931160877 42.134098538486654 3172.6951945776009 10.38227302472396
2376.137846805459 40.6471132301197 2335.4907335753392 10.336005957963119
2513.45272337713 36.860907165947495 2476.5918162111825 10.204036057180648
2318.3086933207378 36.866113732201747 2281.4425795885359 10.314101621328762
2608.8771526514233 39.075804416731351 2569.8013482346919 10.268197468422102
2688.5476143276237 35.435976454562976 2653.1116378730608 10.347382721881997
3271.1786494825183 38.811718987697368 3232.3669304948207 10.573732297566325
3016.9626678920122 38.64497371603818 2978.3176941759739 10.456261369067569
1897.7995346604118 40.177023250479394 1857.6225114099325 10.378827688681827
2289.7322863538725 38.2529166627304 2251.479369691142 10.212533803074875
2386.2570482033166 42.620355421786783 2343.6366927815297 10.415073335071048
2664.6744505866259 40.312943164368036 2624.361507422258 10.312071635000901
2469.4734434161369 38.561804987870019 2430.911638428267 10.261247390260902
2266.2386392219441 35.954831657263838 2230.2838075646805 10.228619503052728
2063.6338013929826 38.624943451520743 2025.0088579414619 10.038361769109628
2506.2455675873553 36.810487429679526 2469.4350801576757 10.044515827380188
2504.094547859745 33.3632285961114 2470.7313192636338 9.733131261781299
2300.9742700698512 36.6823987772584 2264.291871292593 9.5185341069391
2698.1865039648242 37.363422921093644 2660.8230810437303 9.373657120887561
1905.1331561463996 32.950555445687485 1872.1826007007121 8.810792571891305
2811.8805554399983 23.871349547838427 2788.00920589216 7.54226721796012
2883.3293688280887 19.880277212820012 2863.4490916152686 6.75266801647192
1457.3369122181848 16.037973915980665 1441.2989383022041 6.040521816903349
2114.7302164734488 11.446217628995697 2103.283998844453 5.5302814876213375
1500.1840534603039 10.14713033016613 1490.0369231301377 5.1854373167905665
1090.8727188265773 13.768714910988567 1077.1040039155887 5.284207086155074
1307.5641710784928 13.670966886675105 1293.8932041918176 5.7866326574987665
2025.2066551068585 17.276749558154943 2007.9299055487036 6.512961968380933
1071.9761643561594 21.143927862363281 1050.8322364937962 7.496266926655925
1472.3204289885505 24.278296796792276 1448.0421321917581 8.34872206403397
2006.3380233562409 26.916803563027649 1979.4212197932134 8.798976063653914
1645.2852334207666 32.544488358448383 1612.7407450623182 9.365726990240045
1728.6091057130557 31.170032930525927 1697.4390727825298 9.770249416607774
1726.70773727002 33.2709377782103 1693.4367994918098 10.153153452612525
1941.8830827411252 34.262031583323363 1907.621051157802 10.26783817138236
1701.9716587581618 38.66920687789181 1663.30245188027 10.697030894880598
1557.982499473876 35.683851919866186 1522.29864755401 10.881948725933517
1267.6313609568883 37.515720925161617 1230.1156400317268 11.056697460219459
1854.7168414960408 39.008949456880345 1815.7078920391605 11.333716089993604
1459.9979376121817 40.064002435335304 1419.9339351768463 11.387783743398366
1733.1383939119232 37.008739297551827 1696.1296546143715 11.258704218786203
1510.301976540924 38.875885621917327 1471.4260909190066 11.434900137695704
951.42422664433082 42.097192907404931 909.32703373692584 11.67734250217317
1396.4430904905755 41.152041157751825 1355.2910493328236 11.645542681978638
1462.8968971787106 43.432484873735369 1419.4644123049752 11.681465976823983
1862.1694956629317 44.018555766836812 1818.1509398960948 11.754121805916267
1405.5681230358173 43.816118853073689 1361.7520041827436 11.988726274467405
1537.416849281183 41.639435932095935 1495.7774133490871 11.712265432420324
1640.1310258950436 31.753927543783398 1608.3770983512602 10.995122260037336
940.558669059864 29.299244734233827 911.25942432563011 11.144855692250571
819.70184016360076 27.471675573879295 792.23016458972143 11.09665258770168
658.98886542966557 20.930614571987803 638.05825085767776 10.333192026996734
1327.9612319397031 16.192436114154923 1311.7687958255483 9.467333573379474
734.46790253679535 13.046333464293831 721.42156907250148 8.962624491806702
504.61289347730644 11.281395272705169 493.3314982046013 8.20203013200551
787.843809862927 8.4174049997830451 779.426404863144 7.591167630916168
926.65961698222293 7.496561197508151 919.16305578471474 7.15640223362456
841.09309105459249 5.8540378015715984 835.23905325302087 6.842407596203742
697.0587451368873 5.6526158822051249 691.40612925468213 6.939250196112091
722.61041944181477 5.7304549591502605 716.87996448266449 6.577453717369179
368.045673689131 5.3894948387050929 362.65617885042587 6.6307151944094045
746.63363659748165 5.6821119779373115 740.95152461954433 6.429790487666078
516.18967603295732 6.67785292082519 509.51182311213211 6.354051433438501
546.64039330198477 6.6844414888927632 539.955951813092 6.530020493066816
302.84897735631949 8.0307277721469745 294.81824958417252 6.6649363179349255
896.51299584388357 10.258799906746427 886.25419593713718 6.645315589634468
601.88797881407891 10.048987655275894 591.838991158803 7.020112558631928
683.18136374947278 12.048483352887235 671.13288039658551 7.099421850965409
276.94157920138 14.024040761597213 262.91753843978279 7.192862178611808
490.48667739971881 14.984935401520122 475.50174199819867 7.416061906222935
885.46724874599363 15.109478095451722 870.35777065054185 7.557385694168027
756.4837932898738 16.080187050533592 740.40360623934021 7.697001673505592
406.60937724077257 17.531486955186494 389.07789028558608 7.859959056197265
369.82987807352112 17.32927293312196 352.50060514039916 7.934072930551631
345.54646406707008 18.954546505844441 326.59191756122561 8.007972095831116
326.84098847978487 20.812336802440342 306.02865167734456 8.14768970599309
468.71858662234672 21.384501578240656 447.33408504410608 8.243865439786005
546.42966226129522 20.30996294305762 526.11969931823762 8.311762058678951
251.37572852418592 24.289198612712056 227.08652991147386 8.377321979206313
282.80511833597382 23.130710972886092 259.67440736308771 8.340651077237695
697.78325141049186 22.224819396836224 675.55843201365565 8.456200522819639
446.37856576777727 22.436222806011422 423.94234296176586 8.457115908603436
498.7863510177699 21.382318200741263 477.40403281702862 8.490873913834811
216.07452427029895 23.11774608859675 192.95677818170219 8.511212619364231
489.76879381562367 22.733706519612607 467.03508729601106 8.516426000522115
724.63952253929574 24.252921539220587 700.38660100007519 8.486278263404737
454.50419604795496 23.86576558201892 430.63843046593604 8.488105845736136
218.28785201757844 23.991576825515644 194.29627519206281 8.567872643382085
293.98721273235407 22.713890906518539 271.27332182583552 8.602542377785829
392.87675018589772 23.495568624940045 369.38118156095766 8.763426964212838
244.95471452290712 23.867164477422584 221.08755004548453 8.930396036685552
369.9856136874032 22.662279800570911 347.3233338868323 9.091986743935223
524.76442656426821 23.123202429403541 501.64122413486467 8.93564184844539
493.40528498860925 24.071014683668547 469.33427030494073 8.664566739162382
276.46107291243675 23.908526336497403 252.55254657593932 8.571263136875636
580.370320872869 23.517399017943113 556.85292185492585 8.561676411486557
368.8699325892909 24.524052051773456 344.34588053751742 8.59609557728007
299.53282962561406 22.563763877620296 276.96906574799374 8.366181385176857
364.60178018624964 19.815622793204234 344.78615739304541 7.7284860566636695
334.11021523532264 17.068553772698358 317.04166146262429 6.6471100872840605
269.74151535288672 11.504549565593692 258.236965787293 5.562317958907499
143.45170798594813 7.83779638882401 135.61391159712412 4.760045655368507
117.41901125026025 5.9096230664588028 111.50938818380145 4.417883281646307
82.015855228547949 5.42149639477762 76.594358833770329 3.933915786897624
64.880437969262729 4.0870374513767587 60.793400517885971 3.6533489328045037
52.386398136281272 3.6311932034568564 48.755204932824419 3.3796452945130198
49.744166133604217 3.1940689745177098 46.550097159086505 3.17449990688522
39.934237149185464 2.8699038482584287 37.064333300927032 2.9559135380491637
34.900925740738757 2.4896480955151352 32.41127764522362 2.6595503647213983
48.493136815228866 1.8330522974077514 46.660084517821112 2.4600553103983067
30.122681391845461 1.8549754031716037 28.267705988673857 2.285221207433957
33.069814845526352 1.5387087066474503 31.531106138878904 2.1210814664092568
31.238398421358536 1.5992101524831139 29.639188268875422 2.098095591399657
30.962988013153037 1.2040938161950896 29.758894196957947 1.8874289304856156
18.211275939012456 1.1931871989911935 17.018088740021263 1.7571999943832304
23.866997378996111 1.0287787655672704 22.83821861342884 1.750047398802789
33.899111995998652 1.0384221775180498 32.8606898184806 1.54726953020962
22.647101049005961 0.86009984918055693 21.787001199825404 1.4798317823336258
11.799242878426623 0.966931478150157 10.832311400276467 1.4065345897448835
20.945611422187405 0.73793671768947888 20.207674704497926 1.318824552240312
19.873493268739569 0.716532990075204 19.156960278664364 1.2434529888354258
15.087478079111463 0.59192584031019035 14.495552238801272 1.1839702852996306
14.969220797485653 0.68382766929243866 14.285393128193213 1.1764304510674124
16.484463611817436 0.54232372635859938 15.942139885458838 1.089663356749994
12.999343747735329 0.59450878432139631 12.404834963413933 1.0283272421963432
16.144990711968976 0.49269125947459658 15.652299452494381 1.0040951965657512
14.171754013499287 0.43168921795842852 13.740064795540858 0.9781311590383682
10.277718948681875 0.46383432712539241 9.8138846215564826 0.9309275826012298
9.0838156188148584 0.39857922794466055 8.6852363908701982 0.9769724400650346
14.483558053297431 0.43662947933458085 14.04692857396285 0.877548763174226
6.2509661186992584 0.43106494829658104 5.8199011704026775 0.8352688567011756
7.7980974082345034 0.40523152136185181 7.3928658868726513 0.8766916366791108
10.123678569231274 0.30328723707008448 9.82039133216119 0.8172151655273229
7.4494563466808179 0.47588119658999767 6.97357515009082 0.855061679773474
7.5700891864332283 0.30527138656098229 7.2648177998722456 0.8188842456636135
6.1871511008565543 0.3492320125461163 5.8379190883104384 0.7990940724585744
7.8584083589530973 0.36103603189889855 7.4973723270541992 0.832895909517466
6.7839762614809951 0.24340492524260021 6.5405713362383953 0.8071812910156668
6.6138200221783245 0.32974395094756426 6.2840760712307606 0.7939529498109728
6.0908078033071371 0.28257583277472642 5.808231970532411 0.7716222842025979
5.5524354265149487 0.2517471825303072 5.3006882439846414 0.8218128314087719
7.07915943085394 0.36889318294172524 6.710266247912215 0.8125352212894236
4.8665500344456456 0.36053418812439175 4.5060158463212536 0.7953077963948361
8.4365181558635367 0.26562167395383129 8.1708964819097059 0.7627408495958173
5.0231395657384663 0.3513432024018483 4.6717963633366182 0.7555006325459032
4.5894439228421779 0.27316935085289129 4.316274571989287 0.711052235751544
4.453971785056714 0.30225300590132226 4.1517187791553916 0.7857352434178168
5.8214662516185074 0.3690652683034335 5.4524009833150737 0.7087789095272577
4.4839079794390262 0.260541343518151 4.2233666359208755 0.786483026386824
4.9424535100743707 0.31114397088945855 4.6313095391849117 0.7413018992220775
7.7290937630225658 0.36119407894029359 7.3678996840822721 0.7419914698012943
3.9529884124183647 0.26286002167085909 3.6901283907475055 0.7253617287504591
3.8126784962450753 0.30849762574426426 3.5041808705008108 0.7336259224026395
4.7546749270006474 0.29260350314393219 4.462071423856715 0.7202414341612322
4.9085140599060173 0.29310904225388279 4.6154050176521348 0.698841320797029
5.2806054657500558 0.24230100314703001 5.0383044626030262 0.6733486742844499
3.1536440125726495 0.2598319750609176 2.893812037511732 0.6868252178830598
4.0657574279153073 0.27345271803896004 3.7923047098763476 0.6684600440628984
2.7969278825146122 0.28891457884077415 2.5080133036738381 0.6972790184705553
2.8013642630308455 0.2769930250379 2.5243712379929457 0.7022694595696733
4.9759197990250019 0.25377365950927588 4.7221461395157265 0.7111282735743134
2.9002905213736394 0.24712258802194659 2.6531679333516927 0.6565047330537668
3.00134271326093 0.291664184757012 2.7096785285039182 0.6836133304507241
3.5979093293564244 0.27712042293346634 3.3207889064229579 0.6742810959390882
2.8176682532126383 0.2350619860228309 2.5826062671898073 0.6871948529091945
3.6506154155473745 0.24840639167967571 3.402209023867699 0.6638792245508277
2.8654215140847081 0.28028603361293608 2.5851354804717719 0.6515624802625956
2.8551150324944325 0.19782778108384969 2.6572872514105828 0.6438095689332302
2.7544325663075537 0.16225087129947874 2.5921816950080752 0.645821324788153
2.3677147865358377 0.25815960215552453 2.1095551843803131 0.6585130885926774
2.6093099239528192 0.27883262098919864 2.3304773029636205 0.6338424286031097
2.8157584915806191 0.29181609149328025 2.5239424000873387 0.6196023758626007
3.286082916991365 0.23012433944657296 3.0559585775447919 0.6293311389363042
2.4493533487341193 0.20194520005830779 2.2474081486758113 0.6203247657362475
2.4673142126566265 0.25377204817907884 2.2135421644775479 0.6145681678688559
2.0018179888947731 0.22254705791420532 1.7792709309805679 0.61112213395113
4.324233853205401 0.22803052332614326 4.0962033298792573 0.6002691047394878
2.37666515767335 0.17539807538855562 2.2012670822847942 0.6030386409636042
3.4400374108412586 0.23188511982979038 3.2081522910114684 0.6086617645956043
3.5886322428300783 0.1762139888256129 3.4124182540044656 0.5716051020244579
2.30952681444061 0.14141993923432555 2.1681068752062846 0.629426311870561
1.7051865380524598 0.2088443665482958 1.496342171504164 0.6057927853543289
3.4540896840532236 0.2325844259961764 3.2215052580570473 0.5938475403811099
3.9800090135231132 0.1380279754133775 3.8419810381097359 0.5862785294609257
1.6884759667940155 0.17296846501259333 1.5155075017814221 0.587780090287481
1.8932223580164358 0.16210558239057915 1.7311167756258568 0.5758513538488331
1.4979024720627376 0.15083409049143803 1.3470683815712996 0.5696157982543809
2.765090610605867 0.18568790079505876 2.5794027098108083 0.5638027448727735
1.7879181995977134 0.16382245744848933 1.6240957421492239 0.5835243202928558
5.3290552983785426 0.14364500030532279 5.1854102980732195 0.5610395702085649
2.9771191773338508 0.16961067989854045 2.80750849743531 0.5484237229805924
1.7826438571766303 0.17732696757866909 1.6053168895979613 0.5631006131256481
4.8946395348175162 0.15859459619908822 4.736044938618428 0.5732043828971809
2.7772698403416167 0.19802819809446554 2.5792416422471511 0.542382302167288
2.7521395418293961 0.1642265610645724 2.5879129807648238 0.5100721928583549
2.6375372266737767 0.14819170004460708 2.4893455266291697 0.5367534753713099
1.7086958859641643 0.19173136926022366 1.5169645167039407 0.5225008382328106
2.3637761905070995 0.17428903583847818 2.1894871546686212 0.5274431371928029
1.5274058230187804 0.16557738272813508 1.3618284402906453 0.5108394671344759
3.3252607912646135 0.18264011115336098 3.1426206801112526 0.5010307866010231
1.5541268460174584 0.10202959291617042 1.4520972531012881 0.48800070386629174
2.6153690115080557 0.14365876644244852 2.4717102450656072 0.5011818431676439
1.2717168918990898 0.18191039994087893 1.0898064919582109 0.5041053660500159
1.6015313135774671 0.15894034294897097 1.4425909706284963 0.474680384142559
1.2496401588412114 0.17233734198877237 1.077302816852439 0.4995334546996325
5.4950611196021306 0.1738184523598163 5.3212426672423145 0.48852045056636023
2.9994139505846906 0.14703396467262977 2.8523799859120609 0.48690952517353253
2.1293808868896287 0.12466835657675199 2.0047125303128768 0.4622656476594518
1.609719855192939 0.15336719511065736 1.4563526600822816 0.474669101318646
3.23695267924073 0.16202450920718198 3.074928170033548 0.47746126456320903
5.582223088457555 0.15351951746436795 5.4287035709931875 0.4968826741584842
1.7222991604910627 0.10396183611736592 1.6183373243736967 0.45034439791989744
4.566660962636643 0.14988898940261997 4.4167719732340229 0.45486481712617205
0.97764503176950934 0.10940078516490287 0.86824424660460653 0.44262217104902496
4.1607459129154858 0.13682488633308459 4.0239210265824008 0.42969596829420537
1.1570661249158898 0.10711178958546715 1.0499543353304226 0.4744254055828072
1.4782458054740664 0.13100058118198221 1.347245224292084 0.4368667676012175
1.7030543338645028 0.12320378088035785 1.5798505529841449 0.42263382805182104
1.9313902597982235 0.094039362248135666 1.8373508975500878 0.4543628280174495
1.3904152614155509 0.091900737722327971 1.298514523693223 0.44727709552131745
2.2536462647310391 0.14439745808809204 2.1092488066429471 0.43512775387302943
1.7595516917487255 0.10384315435185459 1.655708537396871 0.4203600727792741
2.5382738450391442 0.10548034414071368 2.4327935008984305 0.42867504053318145
1.9171165135622612 0.11967646948664248 1.7974400440756186 0.4169385109439811
1.1730091600883989 0.10535317501783331 1.0676559850705656 0.4175744046917822
0.85911161372615585 0.120898337376939 0.73821327634921685 0.4180178413038145
2.6270829941725795 0.072918564231973834 2.5541644299406059 0.4082347290502646
1.0594025149842459 0.11391579871810714 0.94548671626613867 0.4146204184281033
1.1139483717850815 0.11176416843837481 1.0021842033467068 0.4063416333330839
1.9852555781058543 0.13908530036151617 1.8461702777443381 0.4050716165939543
1.6637104557702758 0.1073730298609491 1.5563374259093266 0.3849305998865481
1.1266761719829237 0.10608925364153156 1.020586918341392 0.3851414257460912
1.1480352047794726 0.11676680443548054 1.031268400343992 0.40321238970706014
1.133843802675941 0.10232514390716856 1.0315186587687724 0.38849374961813343
1.30140007873011 0.099832319527434793 1.2015677592026752 0.3979714317809388
2.7199807822940021 0.12399699372205558 2.5959837885719463 0.38077077908640855
2.9336074386998443 0.095995347472726089 2.8376120912271183 0.3834751707492254
2.37677425230202 0.0958623243473106 2.2809119279547092 0.37596376209927385
2.6927802510203289 0.11423664764373975 2.5785436033765889 0.3680524858542429
1.374723399570221 0.09399082184896855 1.2807325777212526 0.3759622524694604
1.458206575035593 0.0995982623199979 1.3586083127155952 0.36809003801868884
2.7592250449383671 0.074213526668869392 2.6850115182694978 0.38611170494187175
1.3752895536790486 0.077830094778876119 1.2974594589001724 0.35757236095637324
0.76349044638373575 0.11738459072918844 0.64610585565454726 0.3575413359158741
0.91093200515718775 0.12033648056038602 0.79059552459680171 0.3455432442825106
1.5362511642679875 0.10383139956077445 1.432419764707213 0.361427797219045
4.009355055750083 0.10506772771650966 3.9042873280335737 0.37039020238940035
1.8819504830732803 0.095409644496167928 1.7865408385771124 0.35669333384103785
0.92277930664664232 0.10146655354061554 0.8213127531060268 0.3403485475488133
1.1539985036336302 0.092144531981235817 1.0618539716523945 0.3605716349836477
2.0460883758522579 0.097039904318931974 1.9490484715333258 0.36331956998835674
3.0605204000911663 0.090310395771016946 2.9702100043201494 0.34274802543717586
3.7188528859207022 0.094265355440229515 3.6245875304804729 0.342808621413176
1.4955875840229806 0.086037550940641652 1.4095500330823389 0.3461047824795767
0.98971732753473485 0.096864783988127978 0.89285254354660681 0.3301023253500174
0.81598828390537825 0.087163962456629968 0.72882432144874831 0.3367585475009081
1.3263459116585608 0.090797585129406472 1.2355483265291543 0.3334585966307046
1.2981246026754141 0.098861055486394553 1.1992635471890196 0.3395634417282789
1.4854722502207065 0.061500870944335748 1.4239713792763709 0.3452418041793243
1.9076748420493186 0.10845501402789756 1.7992198280214211 0.32870867267400583
0.79722981264582049 0.09571100173092735 0.7015188109148931 0.33492185163538113
1.5270054538559947 0.07897268418730749 1.4480327696686872 0.33049556284146825
1.3041905216705691 0.10260469229775537 1.2015858293728139 0.3378256904789652
1.1987537797508356 0.098711860705323368 1.1000419190455122 0.3157350489672354
0.89504625996050258 0.074185195417503083 0.82086106454299945 0.3030884168479993
5.3261940753550086 0.08915288466248375 5.2370411906925245 0.3212108173429035
1.4208525115084121 0.092558590511801375 1.3282939209966107 0.3152441860292226
1.3841845489934661 0.095460630351459172 1.288723918642007 0.3202372682222635
1.5382445403296359 0.070843595252245928 1.46740094507739 0.3245184146451602
0.72945155481534529 0.089082066401046045 0.6403694884142993 0.31980992081432724
1.1134717340579736 0.086051053299510724 1.0274206807584629 0.3186269568444357
2.3963884255219172 0.073021921812153723 2.3233665037097633 0.32015163601934665
4.0133998381936991 0.098540167470050372 3.9148596707236485 0.3240120328410418
1.5128406049360001 0.085234453939641353 1.4276061509963587 0.3174648795584483
1.246183904869377 0.084883907679907333 1.1612999971894697 0.31238302532596696
1.0231415915644657 0.0969408014494896 0.92620079011497614 0.3151109832916278
0.823440504388964 0.083306918089101845 0.74013358629986215 0.2996869352616538
1.1634975050508813 0.088564999555579227 1.0749325054953021 0.31176667242697953
1.1662764314949199 0.082257896471604891 1.0840185350233149 0.30875139785661104
1.8266037064771834 0.07155849966923794 1.7550452068079454 0.31177619577612975
1.5953910179539788 0.06799843482568961 1.5273925831282891 0.30520928088989924
0.80511890187891288 0.090968237450480938 0.71415066442843189 0.309092901030883
1.2224128014244511 0.082621489858195368 1.1397913115662557 0.30187861164969176
0.879612438617498 0.0731630190411546 0.80644941957634342 0.31296188777479206
2.3144170668339412 0.081161230237333543 2.2332558365966078 0.33228696213819264
1.0542274938879659 0.099203707565825319 0.95502378632214047 0.3056005466546165
0.73924219867483054 0.11068754606562986 0.62855465260920074 0.29993908885637155
1.6351501457862945 0.081416393940151655 1.5537337518461429 0.3002858330373395
1.2004600833968662 0.069102905154143066 1.1313571782427232 0.28701095256692605
1.2706362907310516 0.078276029122491278 1.1923602616085602 0.2910677732456157
0.67422126610814681 0.076419500113062228 0.59780176599508461 0.2942484456710615
3.1623233611277648 0.083529407457485938 3.0787939536702789 0.2945343719476973
0.72588546622866224 0.079789037041186187 0.646096429187476 0.30002426479685296
1.3243150992778614 0.0888994143046413 1.23541568497322 0.30490033082586715
0.73949425143819858 0.056933223440999846 0.68256102799719875 0.2919061718136404
0.87918292233247186 0.088641288953752118 0.79054163337871974 0.29678639189119704
0.6729158375341221 0.068374397895455824 0.60454143963866624 0.29145957822426866
1.9228387567945153 0.064408215674195343 1.85843054112032 0.2970025439459191
4.579834791622158 0.08354227640851325 4.4962925152136446 0.31580107342501756
0.86414398402198178 0.091820521552621256 0.77232346246936057 0.2933181792302312
1.6621729570108346 0.077149774113230429 1.5850231828976042 0.28985695835571534
2.1017230016693955 0.0713244431480617 2.030398558521334 0.30676699330118334
1.4437539031292042 0.098135886424760371 1.3456180167044438 0.29485650326878476
2.9342141742435035 0.074390184821563232 2.8598239894219404 0.29373862062501976
0.94681314765190028 0.077239814591093331 0.869573333060807 0.2928542213182627
1.3608354420162305 0.0976739717823614 1.2631614702338692 0.28750501252495425
1.8361957570151857 0.085416481931357036 1.7507792750838287 0.3088974934507977
0.61959510549751839 0.0616618320409138 0.55793327345660459 0.27802829710724764
1.110807604565639 0.09349332128786117 1.0173142832777777 0.28707287163913775
1.9885791916520503 0.059896132596778923 1.9286830590552715 0.28473376442144255
1.2310056699318781 0.066113030269630335 1.1648926396622479 0.2815336061253693
0.927004424818964 0.065085279930544554 0.86191914488841936 0.27810340013687623
0.9854633629566848 0.097643277348986521 0.88782008560769832 0.2829316798465069
2.3995429615265822 0.076219566645720632 2.3233233948808616 0.2793349868700477
1.0675229170794189 0.096541667126315581 0.97098124995310331 0.2992670458788474
0.6638980916818944 0.0730185292288229 0.59087956245307149 0.2794584557946809
0.68651676149569485 0.075272648937944109 0.6112441125577508 0.2781810137752327
1.6517058960698432 0.084189995631795689 1.5675159004380474 0.283928180776343
2.067706151728276 0.0701028023992171 1.9976033493290588 0.2750051888990221
0.8815398762690253 0.073493414631294732 0.80804646163773053 0.287810572174988
4.0162142146928517 0.0774888132165234 3.9387254014763284 0.2774944680580124
0.84436441660493133 0.0670823332162446 0.77728208338868676 0.2806337643407095
1.3801017813210175 0.074047080677558233 1.3060547006434593 0.2805523460022045
2.8134267085735329 0.078025570131148081 2.7354011384423851 0.2810643406594959
1.2228968303646504 0.063896624451032044 1.1590002059136184 0.2731976876441298
1.2221920611691048 0.068208796678532607 1.1539832644905723 0.28090768347262474
1.1527022708250643 0.066398614408891637 1.0863036564161725 0.2729748253464816
1.1920140682080269 0.078749923202559163 1.1132641450054677 0.2760057191194526
0.91475145776618194 0.068425031928006169 0.84632642583817574 0.2721771102352863
2.8225272143335345 0.072321711080946371 2.7502055032525883 0.27370880611785703
0.58742239876691338 0.058462903788981627 0.52895949497793171 0.2742256046874249
0.75220427941279577 0.072474184146256088 0.67973009526653971 0.2719851534631587
0.91261706624812544 0.0701273058018321 0.84248976044629331 0.2740957724727792
0.67884955374891165 0.074145270827794485 0.60470428292111722 0.27047747547991036
0.81800161146037964 0.059135711430557236 0.75886590002982235 0.2669525433820863
Training time: 1932.33
Test Error: 0.27416
