-5.191990966796875000e+02
-4.007942199707031250e+01
-2.794354438781738281e+01
-2.209300804138183594e+01
-1.865761756896972656e+01
-1.405403423309326172e+01
-1.339020252227783203e+01
-1.160097503662109375e+01
-1.030995941162109375e+01
-7.884756088256835938e+00
-6.866217136383056641e+00
-6.158955097198486328e+00
-5.337862968444824219e+00
-4.152348518371582031e+00
-3.926596641540527344e+00
-3.496665954589843750e+00
-3.000720024108886719e+00
-2.673065423965454102e+00
-2.481040477752685547e+00
-2.256827592849731445e+00
-2.106961250305175781e+00
-1.866496443748474121e+00
-1.583137035369873047e+00
-1.310605049133300781e+00
-1.005976915359497070e+00
-9.029316306114196777e-01
-8.604187369346618652e-01
-4.868665933609008789e-01
-4.184057712554931641e-01
-3.092615306377410889e-01
-2.399391084909439087e-01
-7.171142846345901489e-02
-1.558860484510660172e-02
-3.805303014814853668e-03
-2.185653662309050560e-03
-1.117214444093406200e-03
-9.989436948671936989e-04
-5.005571874789893627e-04
-3.264759143348783255e-04
-2.743809891398996115e-04
-2.333016018383204937e-04
-1.443675864720717072e-04
-7.296849071281030774e-05
-1.897401307360269129e-05
6.553967978106811643e-05
1.072457162081263959e-04
2.612684620544314384e-04
2.804833929985761642e-04
3.932857653126120567e-04
6.840868736617267132e-04
7.420200854539871216e-04
8.021809044294059277e-04
9.359188261441886425e-04
1.292812521569430828e-03
1.636505825445055962e-03
1.738536986522376537e-03
2.499594818800687790e-03
3.207468194887042046e-03
3.719973377883434296e-03
6.069609429687261581e-03
7.629291154444217682e-03
1.086726598441600800e-02
1.134688407182693481e-02
2.737414464354515076e-02
2.764854952692985535e-02
5.954134091734886169e-02
7.620249688625335693e-02
9.431971609592437744e-02
1.042380630970001221e-01
2.119244337081909180e-01
2.441813349723815918e-01
2.659241259098052979e-01
2.848044335842132568e-01
3.253522813320159912e-01
3.290716409683227539e-01
3.787648081779479980e-01
4.080495834350585938e-01
4.798873364925384521e-01
5.389271378517150879e-01
5.874654054641723633e-01
6.095660328865051270e-01
6.223923563957214355e-01
6.696970462799072266e-01
7.021998763084411621e-01
7.351699471473693848e-01
7.780196666717529297e-01
8.096588850021362305e-01
8.288961052894592285e-01
8.474588394165039062e-01
8.660447597503662109e-01
8.750877380371093750e-01
8.826654553413391113e-01
9.083658456802368164e-01
9.185785055160522461e-01
9.250130057334899902e-01
9.329751133918762207e-01
9.486358165740966797e-01
9.588909149169921875e-01
9.622015953063964844e-01
9.692438244819641113e-01
9.812246561050415039e-01
9.868544340133666992e-01
9.921181201934814453e-01
9.965507388114929199e-01
9.983252286911010742e-01
1.003003120422363281e+00
1.005650162696838379e+00
1.009017348289489746e+00
1.010521411895751953e+00
1.014171242713928223e+00
1.021270513534545898e+00
1.035248279571533203e+00
1.037335038185119629e+00
1.047004103660583496e+00
1.054663062095642090e+00
1.065919995307922363e+00
1.088571667671203613e+00
1.109859943389892578e+00
1.117272615432739258e+00
1.135129809379577637e+00
1.167052745819091797e+00
1.185528635978698730e+00
1.215098619461059570e+00
1.256631374359130859e+00
1.284547328948974609e+00
1.306260585784912109e+00
1.351000666618347168e+00
1.409333109855651855e+00
1.414552927017211914e+00
1.442263245582580566e+00
1.497295379638671875e+00
1.530155897140502930e+00
1.549405097961425781e+00
1.611828446388244629e+00
1.641671180725097656e+00
1.655848622322082520e+00
1.692902326583862305e+00
1.774530053138732910e+00
1.819007873535156250e+00
1.954432368278503418e+00
2.000596761703491211e+00
2.074530124664306641e+00
2.135371446609497070e+00
2.215281248092651367e+00
2.269279956817626953e+00
2.435422658920288086e+00
2.599886417388916016e+00
2.689918279647827148e+00
2.800843000411987305e+00
2.946669340133666992e+00
2.980152368545532227e+00
3.157416105270385742e+00
3.352931976318359375e+00
3.715791702270507812e+00
3.979452610015869141e+00
4.127896785736083984e+00
4.342762947082519531e+00
4.740448474884033203e+00
4.892568588256835938e+00
5.206675052642822266e+00
5.264121055603027344e+00
5.419390678405761719e+00
5.779066085815429688e+00
6.353660106658935547e+00
6.932198524475097656e+00
7.215517044067382812e+00
7.702597618103027344e+00
8.188579559326171875e+00
9.109539031982421875e+00
1.023250389099121094e+01
1.190420055389404297e+01
1.251027679443359375e+01
1.444738388061523438e+01
1.562978935241699219e+01
2.132640075683593750e+01
2.218125152587890625e+01
2.700816345214843750e+01
3.171499633789062500e+01
3.704444503784179688e+01
5.026212310791015625e+01
9.973482513427734375e+01
1.553484497070312500e+02
1.622837524414062500e+02
3.341549682617187500e+02
3.601490173339843750e+02
6.932493896484375000e+02
8.886159667968750000e+02
1.237968261718750000e+03
2.166165039062500000e+03
4.208604492187500000e+03
5.663086914062500000e+03
1.389531445312500000e+04
2.603943750000000000e+04
4.767102343750000000e+04
6.001561718750000000e+04
4.672084687500000000e+05
8.590246250000000000e+05
2.481226500000000000e+06
4.697269000000000000e+06
3.250183200000000000e+07
5.957561344000000000e+09
