-2.014877375000000000e+06
-1.059048875000000000e+06
-6.608220000000000000e+05
-4.605783750000000000e+05
-3.826183437500000000e+05
-3.206020000000000000e+05
-2.616676562500000000e+05
-1.359119687500000000e+05
-1.182545078125000000e+05
-1.031196484375000000e+05
-8.198606250000000000e+04
-5.309830859375000000e+04
-4.533627343750000000e+04
-2.995973828125000000e+04
-2.551340234375000000e+04
-1.868053515625000000e+04
-1.644662890625000000e+04
-1.227012792968750000e+04
-8.815382812500000000e+03
-7.031811523437500000e+03
-6.043926269531250000e+03
-3.234863037109375000e+03
-3.111827880859375000e+03
-2.868407958984375000e+03
-2.540512451171875000e+03
-1.540587524414062500e+03
-1.289369262695312500e+03
-1.169738159179687500e+03
-1.062979980468750000e+03
-7.508453979492187500e+02
-6.567268676757812500e+02
-4.465993347167968750e+02
-4.120707092285156250e+02
-3.356052551269531250e+02
-2.039179077148437500e+02
-1.600726470947265625e+02
-8.347663879394531250e+01
-6.884269714355468750e+01
-5.020729827880859375e+01
-4.338131713867187500e+01
-2.194771957397460938e+01
-1.321366500854492188e+01
-7.394910335540771484e+00
-5.889142513275146484e+00
-4.367209434509277344e+00
-1.692530155181884766e+00
-1.329304695129394531e+00
-8.072902560234069824e-01
-4.099330008029937744e-01
-1.097702533006668091e-01
-6.004342809319496155e-02
-3.584396094083786011e-02
-1.256408914923667908e-02
-8.033584803342819214e-03
-2.108996268361806870e-03
-1.516393269412219524e-03
-2.211312530562281609e-04
-1.395806611981242895e-04
-6.010575452819466591e-05
-4.360004095360636711e-05
-3.284460035501979291e-05
-2.291498458362184465e-05
-1.614660504856146872e-05
-1.456715199310565367e-05
-1.234550654771737754e-05
-1.048749163601314649e-05
-9.403196600032970309e-06
-7.687963261560071260e-06
-5.007233994547277689e-06
-3.535685891620232724e-06
-2.479278009559493512e-06
-1.461632450627803337e-06
-9.991897513828007504e-07
-7.522062901443860028e-07
-4.430236799635167699e-07
-3.665211920633737464e-07
-4.452651225506087940e-08
-5.542395986601889035e-10
-4.469876135893002811e-10
-1.245143745054466677e-11
-2.880534352711627832e-12
-4.027113928786740793e-13
-2.039053604782625762e-13
-6.166811852836850960e-14
-6.212611432514659332e-15
-1.315930689254886339e-37
0.000000000000000000e+00
1.662823469345020557e-37
7.606989946092094492e-30
5.548652020307200162e-21
2.972701938937487992e-15
1.480567377682914798e-13
4.477523766251850779e-13
1.605361785346481884e-12
3.730484671171652167e-12
1.282158592630366911e-07
3.224553211111924611e-07
1.221679553964349907e-06
1.615913333807839081e-06
2.248538976346026175e-06
3.218717210984323174e-06
3.715058937814319506e-06
5.032369699620176107e-06
6.132469479780411348e-06
6.817052963015157729e-06
8.396546036237850785e-06
1.181020161311607808e-05
1.273289581149583682e-05
1.527702261228114367e-05
1.955724837898742408e-05
3.170853960909880698e-05
3.683566683321259916e-05
4.118651122553274035e-05
5.371170482248999178e-05
6.225533434189856052e-05
6.957052391953766346e-05
1.908073609229177237e-04
7.655153749510645866e-04
1.016352092847228050e-03
2.271922305226325989e-03
2.868603682145476341e-03
1.476408261805772781e-02
2.817356400191783905e-02
4.299274459481239319e-02
9.361968934535980225e-02
1.224755197763442993e-01
2.896805703639984131e-01
8.950121402740478516e-01
1.375987052917480469e+00
2.768388509750366211e+00
3.312746047973632812e+00
5.338666439056396484e+00
8.633031845092773438e+00
1.136429977416992188e+01
1.607749557495117188e+01
1.744596290588378906e+01
1.889192390441894531e+01
2.580600929260253906e+01
3.253421020507812500e+01
5.313773727416992188e+01
1.006675262451171875e+02
1.468573760986328125e+02
2.656889038085937500e+02
4.283947753906250000e+02
4.648278503417968750e+02
5.951331176757812500e+02
6.742874755859375000e+02
8.827747802734375000e+02
1.180931152343750000e+03
1.325944091796875000e+03
1.875302612304687500e+03
2.134726074218750000e+03
2.298510986328125000e+03
2.747600585937500000e+03
2.964604492187500000e+03
4.045567138671875000e+03
4.584399902343750000e+03
4.931648925781250000e+03
5.399541992187500000e+03
8.065987304687500000e+03
9.702208007812500000e+03
1.019439257812500000e+04
1.230673632812500000e+04
1.484816894531250000e+04
1.614784570312500000e+04
1.734580273437500000e+04
1.910432812500000000e+04
2.161523437500000000e+04
2.312680468750000000e+04
2.483178710937500000e+04
2.784618554687500000e+04
3.073137109375000000e+04
3.633475781250000000e+04
4.129066796875000000e+04
4.684131250000000000e+04
5.484921093750000000e+04
6.373308203125000000e+04
8.422871875000000000e+04
8.863016406250000000e+04
1.086717656250000000e+05
1.186229921875000000e+05
1.319903125000000000e+05
1.774805468750000000e+05
2.072489062500000000e+05
2.304111093750000000e+05
2.463018593750000000e+05
3.234780000000000000e+05
3.643691250000000000e+05
3.938599375000000000e+05
4.491819687500000000e+05
5.454011875000000000e+05
6.495883750000000000e+05
8.140055000000000000e+05
9.393687500000000000e+05
1.114656125000000000e+06
1.304313000000000000e+06
1.484166125000000000e+06
1.775492500000000000e+06
2.023095625000000000e+06
2.670798000000000000e+06
3.977320500000000000e+06
