2.106680767610669136e-03
2.545554190874099731e-03
4.319810308516025543e-03
9.234215319156646729e-02
2.090798616409301758e-01
3.256608843803405762e-01
8.588919639587402344e-01
9.423794746398925781e-01
9.992611408233642578e-01
9.999526739120483398e-01
9.999968409538269043e-01
9.999983906745910645e-01
9.999984502792358398e-01
9.999987483024597168e-01
9.999989271163940430e-01
9.999989867210388184e-01
9.999989867210388184e-01
9.999989867210388184e-01
9.999989867210388184e-01
9.999989867210388184e-01
9.999991059303283691e-01
9.999991059303283691e-01
9.999991655349731445e-01
9.999991655349731445e-01
9.999991655349731445e-01
9.999991655349731445e-01
9.999992251396179199e-01
9.999992251396179199e-01
9.999992251396179199e-01
9.999992251396179199e-01
9.999992251396179199e-01
9.999992251396179199e-01
9.999992251396179199e-01
9.999992847442626953e-01
9.999992847442626953e-01
9.999992847442626953e-01
9.999992847442626953e-01
9.999992847442626953e-01
9.999993443489074707e-01
9.999993443489074707e-01
9.999993443489074707e-01
9.999993443489074707e-01
9.999993443489074707e-01
9.999993443489074707e-01
9.999994039535522461e-01
9.999994039535522461e-01
9.999994039535522461e-01
9.999994039535522461e-01
9.999994039535522461e-01
9.999994039535522461e-01
9.999994039535522461e-01
9.999994635581970215e-01
9.999994635581970215e-01
9.999994635581970215e-01
9.999994635581970215e-01
9.999995231628417969e-01
9.999995231628417969e-01
9.999995231628417969e-01
9.999995231628417969e-01
9.999995231628417969e-01
9.999995231628417969e-01
9.999995231628417969e-01
9.999995827674865723e-01
9.999995827674865723e-01
9.999995827674865723e-01
9.999996423721313477e-01
9.999996423721313477e-01
9.999996423721313477e-01
9.999996423721313477e-01
9.999996423721313477e-01
9.999996423721313477e-01
9.999996423721313477e-01
9.999996423721313477e-01
9.999996423721313477e-01
9.999997019767761230e-01
9.999997019767761230e-01
9.999997019767761230e-01
9.999997019767761230e-01
9.999997019767761230e-01
9.999997615814208984e-01
9.999997615814208984e-01
9.999997615814208984e-01
9.999997615814208984e-01
9.999997615814208984e-01
9.999997615814208984e-01
9.999997615814208984e-01
9.999998211860656738e-01
9.999998211860656738e-01
9.999998211860656738e-01
9.999998211860656738e-01
9.999998211860656738e-01
9.999998211860656738e-01
9.999998211860656738e-01
9.999998807907104492e-01
9.999998807907104492e-01
9.999998807907104492e-01
9.999998807907104492e-01
9.999998807907104492e-01
9.999998807907104492e-01
9.999998807907104492e-01
9.999999403953552246e-01
9.999999403953552246e-01
9.999999403953552246e-01
9.999999403953552246e-01
9.999999403953552246e-01
9.999999403953552246e-01
9.999999403953552246e-01
9.999999403953552246e-01
1.000000000000000000e+00
1.000000000000000000e+00
1.000000000000000000e+00
1.000000000000000000e+00
1.000000000000000000e+00
1.000000000000000000e+00
1.000000000000000000e+00
1.000000000000000000e+00
1.000000000000000000e+00
1.000000000000000000e+00
1.000000000000000000e+00
1.000000000000000000e+00
1.000000119209289551e+00
1.000000119209289551e+00
1.000000119209289551e+00
1.000000119209289551e+00
1.000000119209289551e+00
1.000000119209289551e+00
1.000000119209289551e+00
1.000000119209289551e+00
1.000000119209289551e+00
1.000000119209289551e+00
1.000000119209289551e+00
1.000000119209289551e+00
1.000000119209289551e+00
1.000000119209289551e+00
1.000000119209289551e+00
1.000000119209289551e+00
1.000000238418579102e+00
1.000000238418579102e+00
1.000000238418579102e+00
1.000000238418579102e+00
1.000000238418579102e+00
1.000000238418579102e+00
1.000000238418579102e+00
1.000000238418579102e+00
1.000000357627868652e+00
1.000000357627868652e+00
1.000000357627868652e+00
1.000000357627868652e+00
1.000000357627868652e+00
1.000000357627868652e+00
1.000000357627868652e+00
1.000000476837158203e+00
1.000000476837158203e+00
1.000000476837158203e+00
1.000000476837158203e+00
1.000000476837158203e+00
1.000000476837158203e+00
1.000000476837158203e+00
1.000000476837158203e+00
1.000000476837158203e+00
1.000000476837158203e+00
1.000000476837158203e+00
1.000000476837158203e+00
1.000000596046447754e+00
1.000000596046447754e+00
1.000000596046447754e+00
1.000000596046447754e+00
1.000000596046447754e+00
1.000000596046447754e+00
1.000000596046447754e+00
1.000000715255737305e+00
1.000000715255737305e+00
1.000000715255737305e+00
1.000000715255737305e+00
1.000000715255737305e+00
1.000000834465026855e+00
1.000000834465026855e+00
1.000000834465026855e+00
1.000000834465026855e+00
1.000000834465026855e+00
1.000000953674316406e+00
1.000000953674316406e+00
1.000000953674316406e+00
1.000001072883605957e+00
1.000001072883605957e+00
1.000001072883605957e+00
1.000001072883605957e+00
1.000001072883605957e+00
1.000001072883605957e+00
1.000001192092895508e+00
1.000001192092895508e+00
1.000001430511474609e+00
1.000002264976501465e+00
1.000017881393432617e+00
1.000023722648620605e+00
1.000586867332458496e+00
1.121774196624755859e+00
1.760582804679870605e+00
2.325540304183959961e+00
1.616464614868164062e+01
1.796670837402343750e+02
