1.590124156791716814e-05
1.360584283247590065e-03
6.808591540902853012e-03
8.448023349046707153e-02
5.238431096076965332e-01
7.809755802154541016e-01
9.498788714408874512e-01
9.973740577697753906e-01
9.991178512573242188e-01
9.999399781227111816e-01
9.999619722366333008e-01
9.999730587005615234e-01
9.999786615371704102e-01
9.999833106994628906e-01
9.999853968620300293e-01
9.999885559082031250e-01
9.999887943267822266e-01
9.999914765357971191e-01
9.999923706054687500e-01
9.999938011169433594e-01
9.999945759773254395e-01
9.999949932098388672e-01
9.999952912330627441e-01
9.999953508377075195e-01
9.999963641166687012e-01
9.999965429306030273e-01
9.999967813491821289e-01
9.999971985816955566e-01
9.999974370002746582e-01
9.999977946281433105e-01
9.999979734420776367e-01
9.999982714653015137e-01
9.999983906745910645e-01
9.999986290931701660e-01
9.999986886978149414e-01
9.999986886978149414e-01
9.999989271163940430e-01
9.999990463256835938e-01
9.999990463256835938e-01
9.999990463256835938e-01
9.999990463256835938e-01
9.999991059303283691e-01
9.999991059303283691e-01
9.999991059303283691e-01
9.999991655349731445e-01
9.999992251396179199e-01
9.999992251396179199e-01
9.999992251396179199e-01
9.999992251396179199e-01
9.999992847442626953e-01
9.999993443489074707e-01
9.999993443489074707e-01
9.999993443489074707e-01
9.999993443489074707e-01
9.999993443489074707e-01
9.999993443489074707e-01
9.999994039535522461e-01
9.999994039535522461e-01
9.999994039535522461e-01
9.999994039535522461e-01
9.999994039535522461e-01
9.999994635581970215e-01
9.999995231628417969e-01
9.999995827674865723e-01
9.999995827674865723e-01
9.999995827674865723e-01
9.999995827674865723e-01
9.999995827674865723e-01
9.999995827674865723e-01
9.999995827674865723e-01
9.999996423721313477e-01
9.999996423721313477e-01
9.999996423721313477e-01
9.999996423721313477e-01
9.999996423721313477e-01
9.999996423721313477e-01
9.999997019767761230e-01
9.999997019767761230e-01
9.999997019767761230e-01
9.999997019767761230e-01
9.999997019767761230e-01
9.999997615814208984e-01
9.999997615814208984e-01
9.999997615814208984e-01
9.999997615814208984e-01
9.999998211860656738e-01
9.999998211860656738e-01
9.999998807907104492e-01
9.999998807907104492e-01
9.999998807907104492e-01
9.999998807907104492e-01
9.999998807907104492e-01
9.999998807907104492e-01
9.999999403953552246e-01
9.999999403953552246e-01
9.999999403953552246e-01
9.999999403953552246e-01
9.999999403953552246e-01
1.000000000000000000e+00
1.000000000000000000e+00
1.000000000000000000e+00
1.000000000000000000e+00
1.000000000000000000e+00
1.000000000000000000e+00
1.000000000000000000e+00
1.000000000000000000e+00
1.000000000000000000e+00
1.000000000000000000e+00
1.000000000000000000e+00
1.000000000000000000e+00
1.000000000000000000e+00
1.000000119209289551e+00
1.000000119209289551e+00
1.000000119209289551e+00
1.000000119209289551e+00
1.000000119209289551e+00
1.000000119209289551e+00
1.000000119209289551e+00
1.000000119209289551e+00
1.000000119209289551e+00
1.000000238418579102e+00
1.000000238418579102e+00
1.000000238418579102e+00
1.000000238418579102e+00
1.000000238418579102e+00
1.000000238418579102e+00
1.000000238418579102e+00
1.000000238418579102e+00
1.000000357627868652e+00
1.000000357627868652e+00
1.000000357627868652e+00
1.000000357627868652e+00
1.000000357627868652e+00
1.000000357627868652e+00
1.000000476837158203e+00
1.000000476837158203e+00
1.000000476837158203e+00
1.000000476837158203e+00
1.000000476837158203e+00
1.000000476837158203e+00
1.000000476837158203e+00
1.000000476837158203e+00
1.000000596046447754e+00
1.000000596046447754e+00
1.000000596046447754e+00
1.000000715255737305e+00
1.000000715255737305e+00
1.000000715255737305e+00
1.000000715255737305e+00
1.000000834465026855e+00
1.000000834465026855e+00
1.000000953674316406e+00
1.000000953674316406e+00
1.000000953674316406e+00
1.000000953674316406e+00
1.000000953674316406e+00
1.000000953674316406e+00
1.000000953674316406e+00
1.000001072883605957e+00
1.000001072883605957e+00
1.000001072883605957e+00
1.000001192092895508e+00
1.000001192092895508e+00
1.000001311302185059e+00
1.000001311302185059e+00
1.000001430511474609e+00
1.000001430511474609e+00
1.000001668930053711e+00
1.000001907348632812e+00
1.000002145767211914e+00
1.000002264976501465e+00
1.000002503395080566e+00
1.000002741813659668e+00
1.000002980232238770e+00
1.000003337860107422e+00
1.000003457069396973e+00
1.000003457069396973e+00
1.000004291534423828e+00
1.000004887580871582e+00
1.000005602836608887e+00
1.000005602836608887e+00
1.000006675720214844e+00
1.000007152557373047e+00
1.000008463859558105e+00
1.000010490417480469e+00
1.000011086463928223e+00
1.000011801719665527e+00
1.000013709068298340e+00
1.000016689300537109e+00
1.000018954277038574e+00
1.000022411346435547e+00
1.000027060508728027e+00
1.000029325485229492e+00
1.000558376312255859e+00
1.001028776168823242e+00
1.006365060806274414e+00
1.052983522415161133e+00
1.523454427719116211e+00
8.216449737548828125e+00
1.150104713439941406e+01
3.690768554687500000e+03
