-3.631557312011718750e+02
-1.970447998046875000e+02
-1.841133422851562500e+02
-1.661149902343750000e+02
-1.538207702636718750e+02
-1.481220855712890625e+02
-9.222328186035156250e+01
-7.566114044189453125e+01
-6.694232177734375000e+01
-4.899681091308593750e+01
-3.939363861083984375e+01
-3.320870208740234375e+01
-2.915563964843750000e+01
-2.362939643859863281e+01
-1.917411804199218750e+01
-1.738991165161132812e+01
-1.447720623016357422e+01
-8.789499282836914062e+00
-7.747680664062500000e+00
-6.841235637664794922e+00
-5.505822658538818359e+00
-4.832319736480712891e+00
-4.239896774291992188e+00
-3.319491863250732422e+00
-2.936865329742431641e+00
-2.596019029617309570e+00
-2.356048583984375000e+00
-2.283430814743041992e+00
-2.067903995513916016e+00
-1.254695653915405273e+00
-1.031998872756958008e+00
-8.780009746551513672e-01
-8.107283711433410645e-01
-6.058490276336669922e-01
-5.197197198867797852e-01
-4.438715577125549316e-01
-2.784399688243865967e-01
-2.111019939184188843e-01
-1.858689337968826294e-01
-1.275691092014312744e-01
-9.984023123979568481e-02
-8.092247694730758667e-02
-5.704208835959434509e-02
-5.262697860598564148e-02
-4.209115728735923767e-02
-2.553925663232803345e-02
-2.347978390753269196e-02
-1.303338259458541870e-02
-9.138818830251693726e-03
-3.717619925737380981e-03
-2.289462601765990257e-03
-1.908068079501390457e-03
-1.241944264620542526e-03
-7.108378922566771507e-04
-5.870561581104993820e-04
-4.505991528276354074e-04
-4.030838899780064821e-04
-2.778921334538608789e-04
-2.103751612594351172e-04
-1.537704520160332322e-04
-1.136067658080719411e-04
-9.409278573002666235e-05
-7.186036964412778616e-05
-4.294030441087670624e-05
-3.199709317414090037e-05
-2.272806159453466535e-05
-1.969908407772891223e-05
-1.752591015247162431e-05
-1.262844307348132133e-05
-9.963896445697173476e-06
-9.237207450496498495e-06
-6.988481800362933427e-06
-6.324400601442903280e-06
-4.119864570384379476e-06
-3.184105480613652617e-06
-2.479628847140702419e-06
-2.181694981118198484e-06
-1.884638209048716817e-06
-1.336580226052319631e-06
-6.172381290525663644e-07
-4.479441315652366029e-07
-3.783137572099803947e-07
-3.075700476529164007e-07
-1.964880738114516134e-07
-4.733979608317895327e-08
1.940876792616563762e-08
1.610601856327775749e-07
3.286517085143714212e-07
4.937842277286108583e-07
5.252322807791642845e-07
8.560791684431023896e-07
9.673469776316778734e-07
1.225119603986968286e-06
1.392682861478533596e-06
2.357222456339513883e-06
3.317558139315224253e-06
4.256209649611264467e-06
4.848549906455446035e-06
6.395308901119278744e-06
9.005607353174127638e-06
1.122231606132118031e-05
1.184591383207589388e-05
1.410852382832672447e-05
1.493338641012087464e-05
2.352036790398415178e-05
3.140622720820829272e-05
3.522221959428861737e-05
4.038443512399680912e-05
5.625723497360013425e-05
7.329440995818004012e-05
9.062786557478830218e-05
1.209674519486725330e-04
1.501551450928673148e-04
2.199130249209702015e-04
2.951602218672633171e-04
3.952179104089736938e-04
4.561350215226411819e-04
5.396673223003745079e-04
7.010276895016431808e-04
9.717821376398205757e-04
1.356691354885697365e-03
1.818425254896283150e-03
2.203344367444515228e-03
2.683473750948905945e-03
3.219284350052475929e-03
3.912022802978754044e-03
6.219635717570781708e-03
7.314828224480152130e-03
8.918098174035549164e-03
1.093724370002746582e-02
1.408957131206989288e-02
1.631232164800167084e-02
1.972625404596328735e-02
2.755611017346382141e-02
3.903707116842269897e-02
4.827611148357391357e-02
6.362342834472656250e-02
8.129280805587768555e-02
1.005998477339744568e-01
1.082772314548492432e-01
1.602255403995513916e-01
1.747192740440368652e-01
2.606382071971893311e-01
2.891522049903869629e-01
3.509754538536071777e-01
3.840041458606719971e-01
4.312032461166381836e-01
5.099127888679504395e-01
5.981159806251525879e-01
9.208064079284667969e-01
1.027585029602050781e+00
1.157756924629211426e+00
1.344542980194091797e+00
1.530355691909790039e+00
2.075636863708496094e+00
2.497951984405517578e+00
2.698767662048339844e+00
3.013680696487426758e+00
3.607318162918090820e+00
4.176063537597656250e+00
4.683348655700683594e+00
5.099151134490966797e+00
5.863258361816406250e+00
7.107008934020996094e+00
9.186973571777343750e+00
1.030749225616455078e+01
1.133986091613769531e+01
1.238212966918945312e+01
1.364096641540527344e+01
1.480288696289062500e+01
1.739492034912109375e+01
1.983413124084472656e+01
2.208138656616210938e+01
2.518168640136718750e+01
3.463233184814453125e+01
3.567778396606445312e+01
4.128349685668945312e+01
4.356662368774414062e+01
4.908352661132812500e+01
5.727293777465820312e+01
6.188181304931640625e+01
6.738600921630859375e+01
7.499232482910156250e+01
7.538466644287109375e+01
8.613301086425781250e+01
9.133323669433593750e+01
1.135657577514648438e+02
1.320236053466796875e+02
1.425939331054687500e+02
1.618606567382812500e+02
1.759341888427734375e+02
1.861340332031250000e+02
2.230525665283203125e+02
2.308876953125000000e+02
2.538139953613281250e+02
2.708439331054687500e+02
2.933786621093750000e+02
3.410459594726562500e+02
3.885263061523437500e+02
4.141893920898437500e+02
7.205950927734375000e+02
