-2.018758544921875000e+02
-1.788184814453125000e+02
-1.530161437988281250e+02
-1.266622619628906250e+02
-1.189731063842773438e+02
-1.068308105468750000e+02
-7.755564117431640625e+01
-5.574026489257812500e+01
-5.381586456298828125e+01
-3.662757110595703125e+01
-3.404435348510742188e+01
-2.909288024902343750e+01
-2.205940246582031250e+01
-1.190888500213623047e+01
-9.958515167236328125e+00
-8.993130683898925781e+00
-8.376051902770996094e+00
-7.630761623382568359e+00
-6.972406864166259766e+00
-6.142713546752929688e+00
-5.059803485870361328e+00
-3.958171367645263672e+00
-2.959350109100341797e+00
-2.690329790115356445e+00
-2.111083745956420898e+00
-1.911760449409484863e+00
-1.534416317939758301e+00
-1.431639432907104492e+00
-1.314213871955871582e+00
-1.146376848220825195e+00
-1.090667605400085449e+00
-9.553983807563781738e-01
-7.884867191314697266e-01
-7.447440028190612793e-01
-6.134732365608215332e-01
-5.271653532981872559e-01
-3.823830485343933105e-01
-2.507916688919067383e-01
-2.138843536376953125e-01
-2.122913300991058350e-01
-1.298851668834686279e-01
-1.158090457320213318e-01
-1.009271219372749329e-01
-9.146504849195480347e-02
-7.034916430711746216e-02
-4.621993377804756165e-02
-4.007861763238906860e-02
-2.623783238232135773e-02
-2.439823374152183533e-02
-1.988385990262031555e-02
-1.449615601450204849e-02
-1.053367927670478821e-02
-5.889588035643100739e-03
-5.126885604113340378e-03
-4.529226571321487427e-03
-3.497307887300848961e-03
-2.715088427066802979e-03
-1.457978039979934692e-03
-1.070260535925626755e-03
-7.830491522327065468e-04
-6.450427463278174400e-04
-5.870452150702476501e-04
-3.291266912128776312e-04
-1.889048871817067266e-04
-9.942853648681193590e-05
-8.257415902335196733e-05
-3.753025521291419864e-05
-3.450766234891489148e-05
-3.029979598068166524e-05
-1.779851663741283119e-05
-1.057478857546811923e-05
-8.646219612273853272e-06
-4.116915988561231643e-06
-2.472462938385433517e-06
-2.299414745721151121e-06
-1.342982841379125603e-06
-8.250400469478336163e-07
-6.787683446418668609e-07
-5.179211370887060184e-07
-4.201721424124116311e-07
-3.787469324834091822e-07
-3.468999238975811750e-07
-2.474676534802711103e-07
-9.594458560968632810e-08
-5.419587267851966317e-08
5.658720425572028034e-08
9.950222334964564652e-08
1.308838051272687153e-07
1.626523697950688074e-07
2.557559923843655270e-07
3.175366884988761740e-07
3.909683243819017662e-07
4.759907312745781383e-07
5.323834670889482368e-07
7.444931497957441024e-07
1.833550641094916500e-06
2.345206894460716285e-06
4.137039013585308567e-06
5.399240762926638126e-06
7.973823812790215015e-06
1.039513881551101804e-05
1.384009465255076066e-05
1.642909228394273669e-05
2.775758548523299396e-05
3.671530066640116274e-05
6.384088919730857015e-05
6.939643935766071081e-05
8.036910003283992410e-05
8.764117956161499023e-05
1.612381747690960765e-04
1.915291650220751762e-04
2.606464549899101257e-04
3.180368512403219938e-04
3.753516357392072678e-04
5.569505738094449043e-04
7.213124772533774376e-04
7.833420531824231148e-04
1.025523990392684937e-03
1.386255491524934769e-03
1.783112064003944397e-03
2.732838969677686691e-03
4.258870147168636322e-03
5.035215523093938828e-03
5.435738712549209595e-03
8.565405383706092834e-03
1.167078688740730286e-02
1.303717121481895447e-02
1.616990007460117340e-02
2.278176695108413696e-02
2.387930452823638916e-02
3.255721926689147949e-02
3.417745977640151978e-02
3.897193074226379395e-02
5.375271290540695190e-02
6.076496094465255737e-02
7.826247066259384155e-02
1.069629341363906860e-01
1.376721411943435669e-01
1.541732400655746460e-01
1.753384470939636230e-01
1.795478910207748413e-01
2.231445163488388062e-01
2.468186914920806885e-01
2.902107238769531250e-01
4.326396584510803223e-01
4.962371885776519775e-01
5.759348869323730469e-01
7.705528736114501953e-01
8.228667974472045898e-01
9.289870262145996094e-01
9.610831141471862793e-01
1.052235603332519531e+00
1.240031003952026367e+00
1.496451973915100098e+00
1.714059710502624512e+00
1.758058071136474609e+00
1.960133790969848633e+00
2.225227117538452148e+00
2.455139398574829102e+00
2.576099872589111328e+00
3.040256977081298828e+00
3.578796863555908203e+00
5.358434677124023438e+00
5.604094982147216797e+00
6.762425422668457031e+00
6.906137943267822266e+00
7.524385452270507812e+00
8.896811485290527344e+00
9.136364936828613281e+00
9.833391189575195312e+00
1.211125755310058594e+01
1.471837806701660156e+01
1.700712585449218750e+01
1.781387519836425781e+01
1.855498313903808594e+01
2.436872482299804688e+01
3.036820983886718750e+01
3.148372077941894531e+01
3.333198165893554688e+01
4.177891921997070312e+01
4.675157165527343750e+01
5.274899673461914062e+01
5.972753906250000000e+01
6.685305786132812500e+01
7.488287353515625000e+01
7.821121978759765625e+01
8.940277099609375000e+01
9.132908630371093750e+01
1.072009658813476562e+02
1.119432373046875000e+02
1.388661041259765625e+02
1.414490203857421875e+02
1.643559112548828125e+02
1.813493957519531250e+02
1.957628021240234375e+02
2.200847930908203125e+02
2.656354980468750000e+02
2.838218383789062500e+02
2.946458435058593750e+02
3.122326049804687500e+02
3.465744628906250000e+02
