-2.052006835937500000e+02
-1.935210571289062500e+02
-1.615703735351562500e+02
-1.274546890258789062e+02
-1.119945755004882812e+02
-9.055651855468750000e+01
-7.826798248291015625e+01
-5.802856826782226562e+01
-5.341172790527343750e+01
-4.302512359619140625e+01
-3.476922225952148438e+01
-2.994535636901855469e+01
-1.507024574279785156e+01
-1.004029750823974609e+01
-8.971055030822753906e+00
-7.594191074371337891e+00
-6.540765762329101562e+00
-6.060080051422119141e+00
-5.200580596923828125e+00
-4.239589691162109375e+00
-3.860056877136230469e+00
-3.322470903396606445e+00
-3.066619157791137695e+00
-2.622031688690185547e+00
-2.384829521179199219e+00
-1.834184288978576660e+00
-1.754025459289550781e+00
-1.395937681198120117e+00
-1.319391727447509766e+00
-1.218643546104431152e+00
-9.533380270004272461e-01
-8.671153187751770020e-01
-7.539969682693481445e-01
-5.795797109603881836e-01
-4.442485868930816650e-01
-3.894778490066528320e-01
-3.140096068382263184e-01
-1.672967821359634399e-01
-1.381611675024032593e-01
-1.115529388189315796e-01
-9.322535991668701172e-02
-4.631354659795761108e-02
-3.887132182717323303e-02
-3.029832616448402405e-02
-2.440324798226356506e-02
-1.987164281308650970e-02
-1.755731552839279175e-02
-1.654983684420585632e-02
-1.439853478223085403e-02
-1.309371273964643478e-02
-7.314254529774188995e-03
-3.515999298542737961e-03
-2.256203209981322289e-03
-1.531957881525158882e-03
-1.092167221941053867e-03
-7.710971985943615437e-04
-6.069113151170313358e-04
-5.737406318075954914e-04
-4.374524869490414858e-04
-3.904013719875365496e-04
-2.009378513321280479e-04
-1.650830527069047093e-04
-1.325653574895113707e-04
-8.122804865706712008e-05
-4.853144127991981804e-05
-3.332107735332101583e-05
-1.412226629327051342e-05
-1.314822202402865514e-05
-3.172444849042221904e-06
-1.765105707818293013e-06
-1.460308567402535118e-06
-6.817186317675805185e-07
-5.075996796222170815e-07
-4.072429078405548353e-07
-3.576710696506779641e-07
-3.400133152808848536e-07
-3.011118394624645589e-07
-2.444750464292155812e-07
-1.873933825891072047e-07
-1.510058211806608597e-07
-1.193943575117373257e-07
-6.824720344411616679e-08
-1.965145601801054909e-09
4.843338530235996586e-08
5.569149053030741925e-08
1.104238336324669945e-07
1.736219701342633925e-07
1.974448480268620187e-07
2.706146062791958684e-07
2.963771237318724161e-07
4.000818876193079632e-07
4.252545693361753365e-07
5.158254907655646093e-07
6.316025178421114106e-07
6.936115255484764930e-07
7.953437943797325715e-07
1.662855197537282947e-06
2.131680730599327944e-06
2.732565690166666172e-06
4.683788574766367674e-06
8.658601473143789917e-06
9.945906640496104956e-06
1.713729761831928045e-05
3.196495526935905218e-05
3.355307126184925437e-05
4.108678331249393523e-05
4.572584657580591738e-05
5.898394738323986530e-05
8.144933235598728061e-05
8.723112114239484072e-05
1.522726524854078889e-04
1.847583334892988205e-04
2.730251580942422152e-04
3.710177552420645952e-04
5.052257329225540161e-04
5.458825035020709038e-04
6.989311077632009983e-04
8.850388112477958202e-04
1.182609586976468563e-03
1.623292337171733379e-03
1.775119919329881668e-03
2.185417106375098228e-03
2.425143495202064514e-03
4.690880421549081802e-03
5.856765434145927429e-03
7.796367164701223373e-03
1.008669938892126083e-02
1.229480281472206116e-02
1.349612139165401459e-02
1.741808839142322540e-02
2.503680624067783356e-02
2.657737210392951965e-02
2.883722819387912750e-02
3.361558914184570312e-02
4.067567363381385803e-02
5.229210853576660156e-02
5.916195735335350037e-02
6.569832563400268555e-02
7.608547806739807129e-02
1.335559785366058350e-01
1.603459119796752930e-01
1.929470747709274292e-01
2.272533178329467773e-01
2.891460359096527100e-01
3.440128564834594727e-01
3.749626576900482178e-01
5.022115111351013184e-01
5.636417269706726074e-01
6.095817685127258301e-01
7.561689615249633789e-01
9.026865363121032715e-01
1.042962908744812012e+00
1.121909976005554199e+00
1.266907334327697754e+00
1.424998879432678223e+00
1.531921625137329102e+00
1.734519481658935547e+00
1.977325797080993652e+00
2.302882194519042969e+00
2.504610300064086914e+00
2.734710216522216797e+00
3.186115264892578125e+00
3.985858440399169922e+00
4.163288116455078125e+00
5.736879825592041016e+00
6.054535865783691406e+00
6.591415882110595703e+00
6.749019145965576172e+00
7.729031562805175781e+00
9.481167793273925781e+00
1.086599159240722656e+01
1.191977882385253906e+01
1.494241714477539062e+01
1.532223987579345703e+01
1.711861801147460938e+01
2.225142288208007812e+01
3.025805091857910156e+01
3.162388610839843750e+01
3.624878692626953125e+01
4.335611724853515625e+01
5.254666900634765625e+01
5.812281799316406250e+01
6.600866699218750000e+01
7.471889495849609375e+01
7.695977020263671875e+01
7.903227996826171875e+01
8.595378112792968750e+01
9.483123779296875000e+01
1.067876663208007812e+02
1.157233200073242188e+02
1.364928894042968750e+02
1.438632354736328125e+02
1.535013427734375000e+02
1.632570800781250000e+02
2.178690032958984375e+02
2.257064056396484375e+02
2.665155639648437500e+02
2.918696899414062500e+02
3.216388549804687500e+02
3.429364013671875000e+02
3.544470214843750000e+02
