-4.904705286026000977e-02
5.643036565743386745e-04
7.838569581508636475e-04
1.492091105319559574e-03
4.358446691185235977e-03
5.324285943061113358e-03
8.924592286348342896e-03
1.152008958160877228e-02
1.845098845660686493e-02
3.117550536990165710e-02
3.424233570694923401e-02
4.579314216971397400e-02
5.846107006072998047e-02
9.079244732856750488e-02
1.172258704900741577e-01
1.507383435964584351e-01
1.761277765035629272e-01
2.066733390092849731e-01
3.003958761692047119e-01
3.733775317668914795e-01
5.291762948036193848e-01
6.028185486793518066e-01
7.115096449851989746e-01
7.509521245956420898e-01
8.268235921859741211e-01
8.734994530677795410e-01
9.141386151313781738e-01
9.324378371238708496e-01
9.421274065971374512e-01
9.660744667053222656e-01
9.711005687713623047e-01
9.729115962982177734e-01
9.735663533210754395e-01
9.761525988578796387e-01
9.795920848846435547e-01
9.801762700080871582e-01
9.825538396835327148e-01
9.832534790039062500e-01
9.844383001327514648e-01
9.858689308166503906e-01
9.868192076683044434e-01
9.877742528915405273e-01
9.889099597930908203e-01
9.903246760368347168e-01
9.910482168197631836e-01
9.915333986282348633e-01
9.922542572021484375e-01
9.930993318557739258e-01
9.933584332466125488e-01
9.935737848281860352e-01
9.942041635513305664e-01
9.945905208587646484e-01
9.950416684150695801e-01
9.955371022224426270e-01
9.955906271934509277e-01
9.959177970886230469e-01
9.962253570556640625e-01
9.964537024497985840e-01
9.965445995330810547e-01
9.967052340507507324e-01
9.970690011978149414e-01
9.973010420799255371e-01
9.974976778030395508e-01
9.977901577949523926e-01
9.980636835098266602e-01
9.982272982597351074e-01
9.984092712402343750e-01
9.985180497169494629e-01
9.985711574554443359e-01
9.988675117492675781e-01
9.989336133003234863e-01
9.990909099578857422e-01
9.991398453712463379e-01
9.991918206214904785e-01
9.992319941520690918e-01
9.993312358856201172e-01
9.993692040443420410e-01
9.994890093803405762e-01
9.995124936103820801e-01
9.996127486228942871e-01
9.996263980865478516e-01
9.996577501296997070e-01
9.997842907905578613e-01
9.998347759246826172e-01
9.998718500137329102e-01
9.998735189437866211e-01
9.998924732208251953e-01
9.999251365661621094e-01
9.999385476112365723e-01
9.999585151672363281e-01
9.999725222587585449e-01
9.999787807464599609e-01
9.999891519546508789e-01
1.000004887580871582e+00
1.000018715858459473e+00
1.000028729438781738e+00
1.000045895576477051e+00
1.000060081481933594e+00
1.000072956085205078e+00
1.000128269195556641e+00
1.000158071517944336e+00
1.000209569931030273e+00
1.000217914581298828e+00
1.000291109085083008e+00
1.000325679779052734e+00
1.000355839729309082e+00
1.000463724136352539e+00
1.000574350357055664e+00
1.000622391700744629e+00
1.000681400299072266e+00
1.000728964805603027e+00
1.000738978385925293e+00
1.000920295715332031e+00
1.000930190086364746e+00
1.001113533973693848e+00
1.001276731491088867e+00
1.001394152641296387e+00
1.001468777656555176e+00
1.001691818237304688e+00
1.001892328262329102e+00
1.001986861228942871e+00
1.002175331115722656e+00
1.002360224723815918e+00
1.002608895301818848e+00
1.002910971641540527e+00
1.003333806991577148e+00
1.003418087959289551e+00
1.003712892532348633e+00
1.004436492919921875e+00
1.004541397094726562e+00
1.005171179771423340e+00
1.005881428718566895e+00
1.006156206130981445e+00
1.006281375885009766e+00
1.007096052169799805e+00
1.008711457252502441e+00
1.009195804595947266e+00
1.009705781936645508e+00
1.010168790817260742e+00
1.011501073837280273e+00
1.012914180755615234e+00
1.013896465301513672e+00
1.014684438705444336e+00
1.016966700553894043e+00
1.019374370574951172e+00
1.020969152450561523e+00
1.022390007972717285e+00
1.025300145149230957e+00
1.027261018753051758e+00
1.029175043106079102e+00
1.037914752960205078e+00
1.049656867980957031e+00
1.051553845405578613e+00
1.078155755996704102e+00
1.107792854309082031e+00
1.127673149108886719e+00
1.287090539932250977e+00
1.395286083221435547e+00
1.600490093231201172e+00
1.797159790992736816e+00
1.997158765792846680e+00
2.217897891998291016e+00
2.511763095855712891e+00
2.726233959197998047e+00
4.394183635711669922e+00
5.040623664855957031e+00
5.429624557495117188e+00
6.445870876312255859e+00
9.039255142211914062e+00
1.092828750610351562e+01
1.176005840301513672e+01
1.438674831390380859e+01
1.724455833435058594e+01
1.816363334655761719e+01
2.615596389770507812e+01
3.634096527099609375e+01
5.162036132812500000e+01
6.078172683715820312e+01
9.695964050292968750e+01
1.024913482666015625e+02
1.719434204101562500e+02
2.279355468750000000e+02
2.844288024902343750e+02
4.206381530761718750e+02
4.566742553710937500e+02
5.442807617187500000e+02
7.100935058593750000e+02
1.110815673828125000e+03
1.574806640625000000e+03
2.431118896484375000e+03
2.509264404296875000e+03
3.039888671875000000e+03
5.060299316406250000e+03
5.714186523437500000e+03
1.122671582031250000e+04
1.537924218750000000e+04
1.673849609375000000e+04
3.791131250000000000e+04
4.955353906250000000e+04
1.016478593750000000e+05
6.965931000000000000e+06
