-1.912120117187500000e+03
-9.773733520507812500e+01
-8.497992706298828125e+01
-6.663777923583984375e+01
-5.796126556396484375e+01
-5.361473083496093750e+01
-5.124615478515625000e+01
-4.678977584838867188e+01
-3.798867416381835938e+01
-3.580155944824218750e+01
-2.939686584472656250e+01
-2.551499176025390625e+01
-2.275233459472656250e+01
-2.057143020629882812e+01
-1.863342475891113281e+01
-1.780720138549804688e+01
-1.598361015319824219e+01
-1.485952377319335938e+01
-1.430124282836914062e+01
-1.380052280426025391e+01
-1.287746047973632812e+01
-1.120503520965576172e+01
-1.085988426208496094e+01
-9.506136894226074219e+00
-9.020251274108886719e+00
-7.579438209533691406e+00
-7.319188594818115234e+00
-6.230355262756347656e+00
-5.771679878234863281e+00
-5.455470085144042969e+00
-5.428879261016845703e+00
-4.877833366394042969e+00
-4.367872238159179688e+00
-4.006744861602783203e+00
-3.710080623626708984e+00
-3.252301931381225586e+00
-3.134670019149780273e+00
-2.546055078506469727e+00
-2.218668222427368164e+00
-2.175821781158447266e+00
-1.888848423957824707e+00
-1.360276937484741211e+00
-1.130396842956542969e+00
-1.032450437545776367e+00
-8.787135481834411621e-01
-6.175938248634338379e-01
-5.529174804687500000e-01
-4.551274478435516357e-01
-2.540540099143981934e-01
-1.919496953487396240e-01
-1.621272712945938110e-01
-9.490639716386795044e-02
-3.313386440277099609e-02
-1.374027691781520844e-02
-1.081622019410133362e-02
-7.919157855212688446e-03
-2.609240822494029999e-03
-1.984477043151855469e-03
-1.758683007210493088e-03
-9.001582511700689793e-04
-5.534031661227345467e-04
-5.747672184952534735e-05
6.215966277522966266e-05
1.497556513641029596e-04
4.967047134414315224e-04
8.790662977844476700e-04
9.722288232296705246e-04
1.242965925484895706e-03
2.375852083787322044e-03
2.957389457151293755e-03
3.925135824829339981e-03
5.355573259294033051e-03
7.575817871838808060e-03
9.828798472881317139e-03
1.472386252135038376e-02
1.777128688991069794e-02
2.176672965288162231e-02
2.970359660685062408e-02
4.184144362807273865e-02
5.165937542915344238e-02
7.166278362274169922e-02
8.244074136018753052e-02
9.718501567840576172e-02
1.221742406487464905e-01
1.679538488388061523e-01
2.202790528535842896e-01
2.483795285224914551e-01
3.402186334133148193e-01
3.830545246601104736e-01
4.674110710620880127e-01
4.749462008476257324e-01
5.211262106895446777e-01
5.578671693801879883e-01
6.077874898910522461e-01
6.260991096496582031e-01
6.854489445686340332e-01
7.000714540481567383e-01
7.559885978698730469e-01
8.085238933563232422e-01
8.467836976051330566e-01
8.874596357345581055e-01
9.002919793128967285e-01
9.233928322792053223e-01
9.722735881805419922e-01
9.795988202095031738e-01
9.968045949935913086e-01
1.000921010971069336e+00
1.006481885910034180e+00
1.018152117729187012e+00
1.026180267333984375e+00
1.033709883689880371e+00
1.088454246520996094e+00
1.101465463638305664e+00
1.108571171760559082e+00
1.154617667198181152e+00
1.196565866470336914e+00
1.233901977539062500e+00
1.280582189559936523e+00
1.323796391487121582e+00
1.332663536071777344e+00
1.425532817840576172e+00
1.490751862525939941e+00
1.550058364868164062e+00
1.611727714538574219e+00
1.704018712043762207e+00
1.758389234542846680e+00
1.905770540237426758e+00
2.051808357238769531e+00
2.125389099121093750e+00
2.250336885452270508e+00
2.349375247955322266e+00
2.385220050811767578e+00
2.426692485809326172e+00
2.752755641937255859e+00
2.904643297195434570e+00
3.147051811218261719e+00
3.485697984695434570e+00
3.511956453323364258e+00
3.827135086059570312e+00
3.869088888168334961e+00
4.198379516601562500e+00
4.545029163360595703e+00
4.673080921173095703e+00
5.402997970581054688e+00
5.498435974121093750e+00
5.662938594818115234e+00
5.871571063995361328e+00
6.515487194061279297e+00
6.856522560119628906e+00
7.568470954895019531e+00
7.942328453063964844e+00
8.415816307067871094e+00
9.077454566955566406e+00
9.437144279479980469e+00
9.727178573608398438e+00
1.044864177703857422e+01
1.079416561126708984e+01
1.184189987182617188e+01
1.223820114135742188e+01
1.378720569610595703e+01
1.479531002044677734e+01
1.572065067291259766e+01
1.654467010498046875e+01
1.838525199890136719e+01
1.866205406188964844e+01
1.993880462646484375e+01
2.151129531860351562e+01
2.466807746887207031e+01
2.668561744689941406e+01
2.813683700561523438e+01
2.976037597656250000e+01
3.441722869873046875e+01
3.838889694213867188e+01
3.984364700317382812e+01
4.580819702148437500e+01
5.243446350097656250e+01
5.350372314453125000e+01
5.673345184326171875e+01
7.843090820312500000e+01
8.594196319580078125e+01
9.123545074462890625e+01
1.053970260620117188e+02
1.647860260009765625e+02
1.819289093017578125e+02
2.266031188964843750e+02
4.986351318359375000e+02
2.195991943359375000e+03
2.708715576171875000e+03
3.034326660156250000e+03
6.565689453125000000e+03
1.040412890625000000e+04
1.299912304687500000e+04
2.562048437500000000e+04
7.979810937500000000e+04
1.154931796875000000e+05
1.670076093750000000e+05
2.203992656250000000e+05
5.999753750000000000e+05
2.272015000000000000e+06
6.509669000000000000e+06
1.827839180800000000e+10
