-4.460591500000000000e+06
-2.240834500000000000e+06
-1.485499625000000000e+06
-9.898737500000000000e+05
-8.385647500000000000e+05
-5.165928437500000000e+05
-3.504045000000000000e+05
-2.620801250000000000e+05
-1.627305937500000000e+05
-8.337978125000000000e+04
-7.345704687500000000e+04
-4.689609375000000000e+04
-3.630939062500000000e+04
-2.807946093750000000e+04
-2.030961914062500000e+04
-1.706231054687500000e+04
-1.540688964843750000e+04
-1.009515527343750000e+04
-8.898440429687500000e+03
-7.754430664062500000e+03
-4.839497070312500000e+03
-3.547619384765625000e+03
-3.088023925781250000e+03
-2.200232177734375000e+03
-1.708707885742187500e+03
-1.405843383789062500e+03
-1.115943359375000000e+03
-9.957559204101562500e+02
-9.586165771484375000e+02
-4.019634704589843750e+02
-2.505554656982421875e+02
-1.842536163330078125e+02
-1.786267852783203125e+02
-1.243516235351562500e+02
-4.592659378051757812e+01
-2.838859558105468750e+01
-2.542461395263671875e+01
-1.291191387176513672e+01
-8.179688453674316406e+00
-5.796756267547607422e+00
-1.127247571945190430e+00
-8.991422057151794434e-01
-7.009971141815185547e-01
-3.264903724193572998e-01
-2.782897353172302246e-01
-1.816745698451995850e-01
-1.335240900516510010e-01
-6.875277310609817505e-02
-1.174660865217447281e-02
-7.411192171275615692e-03
-4.886426031589508057e-03
-3.293538233265280724e-03
-2.950798952952027321e-03
-2.289264695718884468e-03
-1.117268810048699379e-03
-6.123342318460345268e-04
-2.362031809752807021e-04
-1.673639344517141581e-04
-5.600489384960383177e-05
-4.283356611267663538e-05
-1.916634391818661243e-05
-1.623546449991408736e-05
-1.375429110339609906e-05
-1.058069483406143263e-05
-9.518248589301947504e-06
-8.504537618136964738e-06
-6.433270300476578996e-06
-5.926045560045167804e-06
-4.020348569611087441e-06
-2.398923243163153529e-06
-1.427617348781495821e-06
-1.053975097420334350e-06
-3.710017892899486469e-07
-1.238384044199847267e-07
-4.503140260680993379e-08
-2.325467818309334689e-08
-3.349781785288996616e-09
-5.462359453645149188e-10
-4.811514520142168294e-10
-3.568750156501820925e-11
-1.134105743344493433e-11
-9.520034500304364045e-13
-6.430288159581243335e-13
-1.242090740156964745e-13
-5.637053730701488408e-14
-1.529870082342659615e-14
-4.165381711844996898e-19
-3.249823636306640565e-20
-6.165202197054866374e-28
-1.974894507242828114e-35
9.950632861121664654e-36
1.014585569689661917e-20
3.737538372755855481e-20
1.062892411719362339e-16
5.979967904320634964e-14
2.286951281561117044e-13
3.020932299886008865e-13
4.799715312697738767e-13
8.243736097403309149e-13
1.016589915546484146e-12
1.536670443669230224e-11
2.468248522236038411e-11
6.848355216249046862e-10
2.337658511208928758e-09
1.202511601405831243e-08
1.717754471997068322e-08
7.365816401261326973e-08
5.230905912867456209e-07
6.512834147542889696e-07
1.756627852955716662e-06
2.590253643575124443e-06
3.598628836698480882e-06
4.213135980535298586e-06
5.736487310059601441e-06
6.040403150109341368e-06
7.498042123188497499e-06
8.948941285780165344e-06
1.079656340152723715e-05
1.199766484205611050e-05
1.292183605983154848e-05
1.337011326540959999e-05
1.728497409203555435e-05
1.829093343985732645e-05
2.105028397636488080e-05
2.657348341017495841e-05
4.367240762803703547e-05
1.364527124678716063e-04
3.981916233897209167e-04
8.909251191653311253e-04
1.107846037484705448e-03
2.177725778892636299e-03
3.356646979227662086e-03
5.308411084115505219e-03
1.017024274915456772e-02
1.751051098108291626e-02
2.160042896866798401e-02
3.593053668737411499e-02
8.670282363891601562e-02
1.397711187601089478e-01
2.398907989263534546e-01
8.075518012046813965e-01
1.754952907562255859e+00
6.611082553863525391e+00
9.146816253662109375e+00
1.380501461029052734e+01
2.150979614257812500e+01
5.317081069946289062e+01
5.611960220336914062e+01
1.129571914672851562e+02
2.544925537109375000e+02
3.565272521972656250e+02
4.964920654296875000e+02
8.875877075195312500e+02
9.165089111328125000e+02
1.098463134765625000e+03
1.158420410156250000e+03
1.449692749023437500e+03
2.104046386718750000e+03
2.813827148437500000e+03
3.860849121093750000e+03
4.300312988281250000e+03
4.709684570312500000e+03
6.196431640625000000e+03
7.400795410156250000e+03
8.484142578125000000e+03
9.567185546875000000e+03
1.302709570312500000e+04
1.351217089843750000e+04
1.588472460937500000e+04
1.652225585937500000e+04
1.874422265625000000e+04
2.062240234375000000e+04
2.105778125000000000e+04
2.772216210937500000e+04
5.037600390625000000e+04
5.639118359375000000e+04
7.075440625000000000e+04
7.997866406250000000e+04
9.128658593750000000e+04
1.024228671875000000e+05
1.241598671875000000e+05
1.459384687500000000e+05
2.080786250000000000e+05
3.288509375000000000e+05
3.600820625000000000e+05
5.444310000000000000e+05
6.311756250000000000e+05
7.476228750000000000e+05
9.507305000000000000e+05
1.051861500000000000e+06
1.095866375000000000e+06
1.341880250000000000e+06
1.495719750000000000e+06
1.621223875000000000e+06
1.869598000000000000e+06
2.695967000000000000e+06
2.818472250000000000e+06
3.946801000000000000e+06
5.175062500000000000e+06
6.496415000000000000e+06
9.476700000000000000e+06
