6.732978508807718754e-04
9.958596201613545418e-04
1.705088885501027107e-03
2.972089219838380814e-03
5.316224880516529083e-03
8.401908911764621735e-03
1.131429243832826614e-02
1.866301707923412323e-02
2.194413542747497559e-02
3.185169771313667297e-02
3.332909941673278809e-02
4.155420511960983276e-02
4.883028194308280945e-02
8.429712057113647461e-02
1.255554109811782837e-01
1.500897705554962158e-01
1.611589938402175903e-01
2.494915872812271118e-01
3.719010651111602783e-01
4.377530217170715332e-01
5.492144823074340820e-01
5.709045529365539551e-01
7.808257341384887695e-01
8.297495841979980469e-01
8.924767374992370605e-01
9.076361656188964844e-01
9.605148434638977051e-01
9.725115895271301270e-01
9.796606302261352539e-01
9.848673343658447266e-01
9.856492280960083008e-01
9.907119870185852051e-01
9.915675520896911621e-01
9.929626584053039551e-01
9.940186738967895508e-01
9.946107268333435059e-01
9.962050318717956543e-01
9.964346289634704590e-01
9.970923662185668945e-01
9.977212548255920410e-01
9.981879591941833496e-01
9.983034133911132812e-01
9.983919858932495117e-01
9.985668659210205078e-01
9.987071752548217773e-01
9.988028407096862793e-01
9.988591670989990234e-01
9.990565180778503418e-01
9.991752505302429199e-01
9.992880225181579590e-01
9.993349909782409668e-01
9.994289875030517578e-01
9.994484782218933105e-01
9.995357394218444824e-01
9.995568394660949707e-01
9.996112585067749023e-01
9.996219873428344727e-01
9.996957778930664062e-01
9.997512102127075195e-01
9.997654557228088379e-01
9.997816681861877441e-01
9.997903704643249512e-01
9.997985959053039551e-01
9.998063445091247559e-01
9.998337626457214355e-01
9.998415112495422363e-01
9.998665452003479004e-01
9.998729825019836426e-01
9.998824000358581543e-01
9.998924732208251953e-01
9.999008774757385254e-01
9.999070167541503906e-01
9.999184608459472656e-01
9.999220967292785645e-01
9.999291300773620605e-01
9.999372959136962891e-01
9.999446272850036621e-01
9.999476075172424316e-01
9.999487996101379395e-01
9.999577999114990234e-01
9.999623894691467285e-01
9.999658465385437012e-01
9.999700188636779785e-01
9.999732375144958496e-01
9.999767541885375977e-01
9.999795556068420410e-01
9.999830722808837891e-01
9.999842643737792969e-01
9.999868273735046387e-01
9.999876618385314941e-01
9.999885559082031250e-01
9.999909400939941406e-01
9.999912381172180176e-01
9.999939203262329102e-01
9.999948143959045410e-01
9.999958872795104980e-01
9.999971389770507812e-01
9.999982714653015137e-01
1.000000953674316406e+00
1.000001192092895508e+00
1.000002384185791016e+00
1.000004053115844727e+00
1.000005006790161133e+00
1.000005602836608887e+00
1.000006914138793945e+00
1.000008821487426758e+00
1.000010609626770020e+00
1.000011086463928223e+00
1.000014781951904297e+00
1.000016331672668457e+00
1.000019788742065430e+00
1.000020980834960938e+00
1.000024199485778809e+00
1.000027656555175781e+00
1.000030517578125000e+00
1.000037074089050293e+00
1.000045657157897949e+00
1.000046849250793457e+00
1.000051021575927734e+00
1.000052928924560547e+00
1.000058650970458984e+00
1.000062465667724609e+00
1.000066518783569336e+00
1.000075221061706543e+00
1.000084996223449707e+00
1.000094652175903320e+00
1.000103473663330078e+00
1.000124573707580566e+00
1.000134229660034180e+00
1.000147342681884766e+00
1.000160932540893555e+00
1.000167012214660645e+00
1.000173330307006836e+00
1.000194549560546875e+00
1.000204563140869141e+00
1.000228762626647949e+00
1.000265479087829590e+00
1.000284910202026367e+00
1.000297069549560547e+00
1.000325441360473633e+00
1.000363707542419434e+00
1.000392556190490723e+00
1.000435590744018555e+00
1.000493288040161133e+00
1.000556468963623047e+00
1.000566244125366211e+00
1.000591397285461426e+00
1.000678539276123047e+00
1.000717878341674805e+00
1.000782489776611328e+00
1.000932574272155762e+00
1.001041054725646973e+00
1.001213788986206055e+00
1.001295685768127441e+00
1.001427769660949707e+00
1.001909613609313965e+00
1.002396464347839355e+00
1.003216862678527832e+00
1.004482269287109375e+00
1.004904389381408691e+00
1.005583047866821289e+00
1.008945703506469727e+00
1.009810447692871094e+00
1.011036396026611328e+00
1.017362594604492188e+00
1.052603244781494141e+00
1.096129417419433594e+00
1.173591494560241699e+00
1.277513027191162109e+00
1.723671674728393555e+00
2.287369966506958008e+00
3.266905784606933594e+00
4.375402927398681641e+00
5.389091014862060547e+00
6.625965595245361328e+00
1.033647918701171875e+01
1.470441436767578125e+01
1.974374389648437500e+01
2.008817672729492188e+01
5.928216552734375000e+01
6.674206542968750000e+01
7.243331909179687500e+01
9.381822967529296875e+01
1.547624206542968750e+02
1.785963439941406250e+02
3.532616577148437500e+02
4.334617309570312500e+02
1.001987976074218750e+03
1.172921020507812500e+03
1.839156372070312500e+03
2.370583007812500000e+03
3.096530029296875000e+03
4.835908203125000000e+03
1.061574804687500000e+04
1.134039648437500000e+04
2.101837109375000000e+04
3.126227343750000000e+04
4.291503125000000000e+04
6.544928906250000000e+04
9.192107031250000000e+04
9.810803906250000000e+04
