-2.566495500000000000e+06 -4.657136648893356323e-02
-1.225309500000000000e+06 -2.605901658535003662e-02
-8.746621875000000000e+05 -1.601668260991573334e-02
-6.152484375000000000e+05 -1.177659071981906891e-02
-5.209031875000000000e+05 -2.597570652142167091e-03
-4.484657187500000000e+05 -2.106014871969819069e-03
-3.757138437500000000e+05 -1.715881051495671272e-03
-2.945999375000000000e+05 -1.139650936238467693e-03
-2.109834687500000000e+05 -9.638285264372825623e-04
-2.030848437500000000e+05 -3.887682687491178513e-04
-1.085774296875000000e+05 -2.806220727507025003e-04
-9.814612500000000000e+04 -2.239767200080677867e-04
-8.748182812500000000e+04 -4.610572432284243405e-05
-5.434947265625000000e+04 -5.662747298629255965e-06
-4.474027343750000000e+04 -1.100696749745111447e-06
-3.215986914062500000e+04 -8.981546670838724822e-07
-2.183774609375000000e+04 -8.698759188519034069e-07
-2.043755078125000000e+04 -7.125892125259269960e-07
-1.751084960937500000e+04 -1.479831439610279631e-07
-1.661328906250000000e+04 -9.690566571407543961e-08
-1.440147363281250000e+04 -7.170250171384395799e-08
-1.016707128906250000e+04 -3.239846080305142095e-08
-9.060752929687500000e+03 -1.467589694215121199e-08
-7.520718261718750000e+03 -3.022085914849981236e-09
-6.641171875000000000e+03 -9.633448483370443682e-10
-5.292385742187500000e+03 -8.780445259759517285e-10
-4.122291503906250000e+03 -5.038301997828398271e-10
-3.261584228515625000e+03 -3.029121398157030853e-10
-2.915573486328125000e+03 -2.897853623728963157e-10
-2.437374267578125000e+03 -1.258690651706473318e-10
-1.937775512695312500e+03 -6.419913212152295046e-11
-1.670338745117187500e+03 -4.096125175157006026e-11
-1.608263305664062500e+03 -1.777901610655607811e-11
-1.573412597656250000e+03 -1.384274465887624928e-11
-1.241458129882812500e+03 -2.732615132436388983e-12
-8.929834594726562500e+02 -2.136020743961908330e-12
-8.532825927734375000e+02 -1.653693349791540701e-12
-7.514959716796875000e+02 -3.936909121187576188e-13
-5.923822631835937500e+02 -2.136222852799386784e-14
-5.290915527343750000e+02 -2.104466401760696909e-14
-4.320054931640625000e+02 -3.181267496814624805e-15
-4.009104003906250000e+02 -6.621461027734288859e-17
-3.443997497558593750e+02 -8.558251533827030394e-19
-2.673056640625000000e+02 -4.428325884963353335e-19
-2.229738922119140625e+02 -4.368698829001409758e-20
-1.849734649658203125e+02 -1.277434708513885325e-24
-9.871829986572265625e+01 0.000000000000000000e+00
-6.950605773925781250e+01 0.000000000000000000e+00
-4.858344650268554688e+01 0.000000000000000000e+00
-3.509907913208007812e+01 0.000000000000000000e+00
-8.749595642089843750e+00 0.000000000000000000e+00
-7.884586334228515625e+00 0.000000000000000000e+00
-2.939522266387939453e+00 0.000000000000000000e+00
-1.716635704040527344e+00 0.000000000000000000e+00
-1.599112510681152344e+00 0.000000000000000000e+00
-6.985054612159729004e-01 0.000000000000000000e+00
-5.180775523185729980e-01 0.000000000000000000e+00
-1.882653236389160156e-01 0.000000000000000000e+00
-6.070498377084732056e-02 1.401298464324817071e-45
-4.808965697884559631e-02 3.335341177518178771e-39
-2.533372119069099426e-02 6.176804337582228120e-31
-1.111349184066057205e-02 2.028523474478717796e-24
-6.445397622883319855e-03 6.493707334274874371e-24
-1.453991048038005829e-03 7.523218980279723951e-21
-9.307198342867195606e-04 4.393007754349176713e-18
-5.949474289081990719e-04 8.855449545624422100e-17
-3.120089822914451361e-04 9.173775776858918889e-17
-1.659784757066518068e-04 1.915875765428124138e-16
-6.966292130528017879e-05 2.810200944407796218e-16
-5.391525701270438731e-05 1.547740343006698271e-13
-3.086149808950722218e-05 2.630954265211982168e-13
-2.287678580614738166e-05 3.024447283329206870e-13
-1.575134228914976120e-05 2.063867306223432507e-12
-1.202399198518833145e-05 3.852263993908700002e-12
-9.887156011245679110e-06 1.147900437897808601e-11
-7.038581770757446066e-06 2.966992276864921507e-11
-5.616068392555462196e-06 5.279556306025945389e-11
-4.731058652396313846e-06 6.340044461650151675e-11
-4.123674443690106273e-06 3.112888558032267383e-10
-2.746715153989498504e-06 4.314018309248268679e-10
-2.245281848445301875e-06 7.745865060471146535e-10
-1.927842049553873949e-06 1.570170438114359968e-09
-1.768030188031843863e-06 1.723960307842276052e-09
-1.529043856862699613e-06 7.355424713750835508e-09
-1.002251678983157035e-06 7.500949195105022227e-09
-6.611317076021805406e-07 1.204890498485156058e-08
-2.313021809641213622e-07 6.055683599015537766e-08
-6.355920589840025059e-08 2.236211997796999640e-07
-8.517922367445862619e-09 3.034340352314757183e-07
-6.192846235819615686e-11 6.165654440337675624e-07
-2.114833048266762106e-12 9.062486014954629354e-07
-6.653883715714015157e-13 1.524878371128579602e-06
-9.507349199361012082e-14 2.507261569917318411e-06
-8.559439032660050295e-15 3.180306748618022539e-06
-4.434667028113171404e-22 6.778180704714031890e-06
-7.665651063859145401e-30 2.901612060668412596e-05
2.802596928649634142e-45 3.218027995899319649e-05
4.097112414253322896e-37 5.432935358840040863e-05
4.461311691166675031e-14 8.073046774370595813e-05
3.858985071596154892e-13 2.058117242995649576e-04
4.961681564739917061e-13 2.383046958129853010e-04
6.745499341390126524e-13 2.422231482341885567e-04
1.087988379944171413e-11 3.180801577400416136e-04
4.887799609498699738e-10 1.081262365914881229e-03
2.048104974505804421e-08 1.358434325084090233e-03
3.608796816934045637e-08 2.321769017726182938e-03
9.961394908941656468e-08 2.612074371427297592e-03
3.875776144468545681e-07 2.936464734375476837e-03
6.828236678302346263e-07 5.250447429716587067e-03
7.952566534186189529e-07 1.127817016094923019e-02
1.446526766812894493e-06 1.336447708308696747e-02
1.961405359907075763e-06 1.830546185374259949e-02
2.223515139121445827e-06 2.383256144821643829e-02
2.330645656911656260e-06 2.500419318675994873e-02
3.082012881350237876e-06 3.799625858664512634e-02
3.632088919403031468e-06 3.890234977006912231e-02
4.634197011910146102e-06 4.726001247763633728e-02
5.953243544354336336e-06 4.783025011420249939e-02
7.530255516030592844e-06 9.124364703893661499e-02
8.948407412390224636e-06 1.398540735244750977e-01
9.667554877523798496e-06 1.931934505701065063e-01
1.225766754942014813e-05 1.995755434036254883e-01
1.942874587257392704e-05 3.530068397521972656e-01
3.258806827943772078e-05 5.788203477859497070e-01
3.742527405847795308e-05 6.389757394790649414e-01
3.942476905649527907e-05 9.178700447082519531e-01
6.355177174555137753e-05 2.000000000000000000e+00
2.671745023690164089e-04 2.319571495056152344e+00
2.761827199719846249e-04 2.634890079498291016e+00
6.293579353950917721e-04 3.014098405838012695e+00
9.534885175526142120e-04 4.053945541381835938e+00
5.569990724325180054e-03 4.394337177276611328e+00
7.622212171554565430e-03 6.603622436523437500e+00
1.742451824247837067e-02 7.271428108215332031e+00
7.520928978919982910e-02 9.673500061035156250e+00
1.079264134168624878e-01 1.421071720123291016e+01
3.472478091716766357e-01 1.445222854614257812e+01
4.155716300010681152e-01 1.696625709533691406e+01
5.962721705436706543e-01 2.187070846557617188e+01
1.036431074142456055e+00 2.567130661010742188e+01
2.751698970794677734e+00 3.057768440246582031e+01
4.532437324523925781e+00 3.279976654052734375e+01
6.212759017944335938e+00 4.581270599365234375e+01
1.400563240051269531e+01 5.622150421142578125e+01
1.505132102966308594e+01 6.511538696289062500e+01
5.356388854980468750e+01 7.021109771728515625e+01
7.539256286621093750e+01 7.408113861083984375e+01
1.229825210571289062e+02 1.264325637817382812e+02
1.946468811035156250e+02 1.403287353515625000e+02
2.056949615478515625e+02 2.106569061279296875e+02
3.528707580566406250e+02 2.621898498535156250e+02
4.060773315429687500e+02 3.674732666015625000e+02
4.583761596679687500e+02 3.879724121093750000e+02
5.064856872558593750e+02 5.625695190429687500e+02
5.705895385742187500e+02 6.154506225585937500e+02
6.010486450195312500e+02 7.039585571289062500e+02
7.884967651367187500e+02 1.127307617187500000e+03
8.168581542968750000e+02 1.345164550781250000e+03
9.019810180664062500e+02 1.475788818359375000e+03
1.187148193359375000e+03 2.195244628906250000e+03
1.242319213867187500e+03 2.781474365234375000e+03
1.310325805664062500e+03 3.610373779296875000e+03
1.633998046875000000e+03 3.821747558593750000e+03
1.910037597656250000e+03 4.763041015625000000e+03
2.162836425781250000e+03 4.947194335937500000e+03
2.366945800781250000e+03 5.756528320312500000e+03
2.837629394531250000e+03 7.483784179687500000e+03
3.536532470703125000e+03 9.968378906250000000e+03
3.752319091796875000e+03 1.121250000000000000e+04
4.507696289062500000e+03 1.226367578125000000e+04
5.552815429687500000e+03 1.356900390625000000e+04
6.126530761718750000e+03 1.561048828125000000e+04
7.779458007812500000e+03 1.766125000000000000e+04
8.192992187500000000e+03 2.080640820312500000e+04
8.799269531250000000e+03 2.168302734375000000e+04
1.053398828125000000e+04 2.546331054687500000e+04
1.113667285156250000e+04 2.664324804687500000e+04
1.451900878906250000e+04 3.487222265625000000e+04
1.809575390625000000e+04 3.584876171875000000e+04
1.922630078125000000e+04 4.030871093750000000e+04
2.149691406250000000e+04 4.779376562500000000e+04
2.629483593750000000e+04 4.958362109375000000e+04
3.074953906250000000e+04 5.241563671875000000e+04
3.497453125000000000e+04 6.839714843750000000e+04
4.602403515625000000e+04 7.518700000000000000e+04
5.580957812500000000e+04 9.128455468750000000e+04
8.032897656250000000e+04 1.337984218750000000e+05
9.761889062500000000e+04 1.675918281250000000e+05
1.072745937500000000e+05 1.746812500000000000e+05
1.554831250000000000e+05 2.320490625000000000e+05
1.672305625000000000e+05 2.941611562500000000e+05
2.138603437500000000e+05 3.105710625000000000e+05
2.488736562500000000e+05 4.416342812500000000e+05
3.102428125000000000e+05 4.484644375000000000e+05
3.802222812500000000e+05 6.769346250000000000e+05
4.600050000000000000e+05 7.901865000000000000e+05
5.241813437500000000e+05 1.327478250000000000e+06
6.224183750000000000e+05 1.503904000000000000e+06
8.782647500000000000e+05 2.001580750000000000e+06
1.229626375000000000e+06 2.549793500000000000e+06
2.593949500000000000e+06 2.618951750000000000e+06
