-2.335895233154296875e+02 -8.928781608119606972e-05
-1.887171020507812500e+02 -5.385473195929080248e-05
-1.566048278808593750e+02 -4.854225335293449461e-05
-1.432192993164062500e+02 -3.888867649948224425e-05
-7.130472564697265625e+01 -3.763722997973673046e-05
-6.589649200439453125e+01 -3.126887531834654510e-05
-6.064318847656250000e+01 -3.072940671700052917e-05
-5.198226165771484375e+01 -2.827698517648968846e-05
-4.680303955078125000e+01 -2.440853131702169776e-05
-4.135491561889648438e+01 -2.205195414717309177e-05
-3.372357559204101562e+01 -1.707287447061389685e-05
-2.930373191833496094e+01 -1.633550164115149528e-05
-2.138761520385742188e+01 -1.348766727460315451e-05
-1.887815093994140625e+01 -1.146135946328286082e-05
-1.583236980438232422e+01 -1.001513373921625316e-05
-1.381172275543212891e+01 -8.318449545186012983e-06
-1.284886074066162109e+01 -7.923264092823956162e-06
-1.078423976898193359e+01 -7.824688509572297335e-06
-9.183798789978027344e+00 -6.540201866300776601e-06
-8.762639045715332031e+00 -5.989061719446908683e-06
-6.714989662170410156e+00 -3.849057065963279456e-06
-5.957938194274902344e+00 -3.832403763226466253e-06
-5.196423053741455078e+00 -3.425635668463655747e-06
-4.373265266418457031e+00 -3.079305542996735312e-06
-3.798969745635986328e+00 -3.015440142917213961e-06
-3.036557197570800781e+00 -2.796331500576343387e-06
-2.626885414123535156e+00 -2.129768290615174919e-06
-2.184193134307861328e+00 -2.045750079560093582e-06
-1.710502266883850098e+00 -9.522717618892784230e-07
-1.543894290924072266e+00 -7.546216238552005962e-07
-1.304811239242553711e+00 -6.333759756671497598e-07
-1.250100255012512207e+00 -5.799544169349246658e-07
-9.438360929489135742e-01 -4.328308023104909807e-07
-7.809117436408996582e-01 -3.652542375220946269e-07
-4.327451288700103760e-01 -3.100636547515023267e-07
-3.099909424781799316e-01 -2.881044451896741521e-07
-2.274026721715927124e-01 -2.167218440263241064e-07
-2.104596197605133057e-01 -2.041348921011376660e-07
-1.564664542675018311e-01 -1.917028953357657883e-07
-1.262117475271224976e-01 -1.681675882991839899e-07
-9.394713491201400757e-02 -1.385572545586910564e-07
-8.343431353569030762e-02 -1.380723517740989337e-07
-6.434059143066406250e-02 -1.172633474766371364e-07
-5.499073117971420288e-02 -1.000609231027738133e-07
-4.201408475637435913e-02 -9.794074884439396556e-08
-3.850237280130386353e-02 -5.360689669942075852e-08
-3.349497914314270020e-02 -3.693488181966131378e-08
-1.749489456415176392e-02 -3.408097271062615619e-08
-1.728336140513420105e-02 -2.705031043603867147e-08
-1.331351976841688156e-02 -1.997855747504218016e-08
-9.283263236284255981e-03 -1.619651190942761332e-09
-7.726328913122415543e-03 -5.882881681795737450e-11
-5.363722331821918488e-03 -2.405259585253061161e-12
-4.389383830130100250e-03 -2.560153965994876879e-13
-2.363455481827259064e-03 3.635254207032256879e-12
-2.321263309568166733e-03 2.588692628313626898e-11
-1.907226047478616238e-03 4.578329035331840657e-11
-1.107326941564679146e-03 4.230747696620795750e-10
-1.015068730339407921e-03 7.614795460852974429e-10
-9.203529334627091885e-04 6.216916315082698929e-09
-4.607004229910671711e-04 1.030940399715518652e-08
-3.626345423981547356e-04 1.348793166044970349e-08
-2.258202148368582129e-04 1.612338706991067738e-08
-1.737874408718198538e-04 2.631972861877329706e-08
-1.282087032450363040e-04 3.189530062286394241e-08
-9.978323942050337791e-05 3.858066222051093064e-08
-6.531286635436117649e-05 6.709215938371926313e-08
-5.989729106659069657e-05 8.300036569153235178e-08
-3.678052598843351007e-05 8.603679901852956391e-08
-2.623519685585051775e-05 1.030605929486227978e-07
-1.886183963506482542e-05 1.283991650780080818e-07
-7.364050816249800846e-06 1.574897368072925019e-07
-4.623724635166581720e-06 1.618829372773689101e-07
-3.650944563560187817e-06 1.793203807665122440e-07
-2.432644123473437503e-06 1.817047490249024122e-07
-1.660343627918337006e-06 2.041326325752379489e-07
-9.684267752163577825e-07 2.548519830725126667e-07
-6.746952294633956626e-07 2.814320225752453553e-07
-4.527185808456124505e-07 2.824831710768194171e-07
-2.543985431202600012e-07 3.302824609363597119e-07
-2.372578933318436611e-07 3.543876800904399715e-07
-1.933137809828622267e-07 3.744213188383582747e-07
-1.655799763966570026e-07 4.310581971367355436e-07
-1.286122568444625358e-07 4.789498007085057907e-07
-7.572308646786041209e-08 6.194762249833729584e-07
-3.607127396776377282e-08 6.407080377357488032e-07
-1.585897635436595010e-08 7.605190148751717061e-07
7.696328019335396675e-09 8.710779297871340532e-07
1.612136202311376110e-08 8.800825526122935116e-07
6.483571723947534338e-08 1.042241137838573195e-06
7.548738523155407165e-08 1.374673274767701514e-06
1.238155675764573971e-07 1.401080680807353929e-06
1.458260072695338749e-07 1.523768787592416629e-06
1.664995465944230091e-07 1.689161535978200845e-06
2.049004592663550284e-07 1.692866248959035147e-06
2.655248181326896884e-07 2.007329612752073444e-06
2.766630871064990060e-07 2.177858732466120273e-06
4.034719438550382620e-07 2.370795300521422178e-06
4.983381813872256316e-07 3.530020876496564597e-06
6.614214953515329398e-07 3.724543830685433932e-06
8.645104685456317384e-07 4.910287771053845063e-06
1.354231244476977736e-06 5.154373866389505565e-06
1.863638090071617626e-06 6.166870207380270585e-06
2.236657110188389197e-06 6.213825145096052438e-06
2.712979949137661606e-06 6.341685093502746895e-06
4.894150606560287997e-06 7.375836503342725337e-06
8.046567927522119135e-06 7.842523700674064457e-06
9.752881851454731077e-06 8.194255315174814314e-06
1.174229782918700948e-05 1.027820235321996734e-05
1.393093225487973541e-05 1.154386518464889377e-05
2.047295856755226851e-05 1.183938911708537489e-05
2.505300653865560889e-05 1.291165244765579700e-05
5.173225144972093403e-05 1.436894308426417410e-05
5.610662992694415152e-05 1.610394610906951129e-05
7.062253280309960246e-05 1.825739309424534440e-05
8.198537398129701614e-05 1.919367605296429247e-05
1.388471864629536867e-04 2.471952575433533639e-05
1.447529066354036331e-04 3.029680374311283231e-05
2.318091137567535043e-04 3.267612919444218278e-05
2.658887242432683706e-04 4.258119224687106907e-05
3.255985211580991745e-04 6.080718230805359781e-05
4.411812406033277512e-04 6.424228195101022720e-05
6.441905861720442772e-04 7.206158625194802880e-05
8.709900430403649807e-04 7.772336539346724749e-05
1.026193262077867985e-03 8.444603736279532313e-05
1.225087093189358711e-03 8.855560736265033484e-05
1.549068372696638107e-03 9.972232510335743427e-05
1.862459233961999416e-03 1.003634533844888210e-04
2.988785970956087112e-03 1.503527746535837650e-04
3.560271114110946655e-03 1.805738138500601053e-04
4.436412826180458069e-03 1.982256071642041206e-04
6.318886298686265945e-03 2.583731547929346561e-04
7.104150485247373581e-03 5.113403312861919403e-04
9.186164475977420807e-03 5.311400163918733597e-04
9.488457813858985901e-03 5.519812693819403648e-04
1.167354360222816467e-02 8.053972269408404827e-04
1.349114906042814255e-02 9.561952319927513599e-04
1.440062560141086578e-02 1.024685567244887352e-03
1.827850379049777985e-02 1.168665476143360138e-03
2.037964016199111938e-02 1.239411067217588425e-03
2.193511463701725006e-02 1.263458514586091042e-03
3.157211840152740479e-02 1.464236294850707054e-03
3.777662292122840881e-02 1.481476472690701485e-03
4.261399805545806885e-02 1.606519683264195919e-03
6.666939705610275269e-02 2.991524990648031235e-03
7.355301827192306519e-02 4.198580048978328705e-03
9.471122175455093384e-02 5.769885145127773285e-03
1.061745434999465942e-01 6.775930058211088181e-03
1.258716285228729248e-01 1.066392287611961365e-02
1.579066514968872070e-01 1.391710620373487473e-02
1.867127269506454468e-01 1.504307333379983902e-02
2.295955419540405273e-01 2.392034791409969330e-02
2.475862801074981689e-01 3.061387315392494202e-02
2.560360431671142578e-01 3.316966816782951355e-02
3.370136320590972900e-01 4.292128607630729675e-02
4.232632517814636230e-01 4.706962034106254578e-02
5.334000587463378906e-01 7.968969643115997314e-02
8.989115357398986816e-01 8.805915713310241699e-02
9.218275547027587891e-01 1.592472344636917114e-01
1.064760565757751465e+00 2.345743030309677124e-01
1.275839567184448242e+00 2.456456720829010010e-01
1.300824046134948730e+00 2.854296267032623291e-01
1.491002082824707031e+00 2.963017225265502930e-01
1.576928973197937012e+00 3.458919227123260498e-01
1.842413306236267090e+00 3.869302272796630859e-01
2.036776542663574219e+00 5.489658713340759277e-01
2.240633010864257812e+00 6.095663309097290039e-01
2.471504926681518555e+00 6.326430439949035645e-01
3.248506069183349609e+00 6.585819721221923828e-01
3.468701124191284180e+00 8.513122797012329102e-01
3.980933189392089844e+00 8.627963066101074219e-01
4.907973766326904297e+00 1.075883150100708008e+00
5.110363483428955078e+00 1.168014049530029297e+00
5.786212921142578125e+00 1.295064687728881836e+00
6.233936309814453125e+00 1.382434844970703125e+00
7.505125522613525391e+00 1.932641029357910156e+00
8.848670959472656250e+00 2.000000000000000000e+00
9.812910079956054688e+00 2.431231021881103516e+00
1.077876853942871094e+01 2.468621015548706055e+00
1.205535888671875000e+01 2.750335693359375000e+00
1.475589942932128906e+01 3.176539421081542969e+00
1.676324844360351562e+01 4.279301643371582031e+00
1.985492324829101562e+01 1.096944332122802734e+01
2.011461067199707031e+01 1.598129558563232422e+01
2.303964233398437500e+01 2.300834655761718750e+01
2.866186904907226562e+01 2.561486625671386719e+01
3.242083740234375000e+01 2.832361984252929688e+01
3.931110382080078125e+01 3.299053192138671875e+01
4.162446212768554688e+01 3.408332443237304688e+01
4.770649719238281250e+01 3.660394287109375000e+01
5.300173950195312500e+01 4.153776168823242188e+01
5.961154174804687500e+01 4.377043533325195312e+01
6.473674011230468750e+01 6.229625701904296875e+01
7.136022949218750000e+01 1.138459548950195312e+02
7.779341125488281250e+01 1.277010040283203125e+02
9.114881134033203125e+01 1.785381927490234375e+02
1.258484725952148438e+02 1.881011505126953125e+02
1.486154022216796875e+02 2.023445281982421875e+02
1.672299346923828125e+02 2.148047180175781250e+02
2.001712188720703125e+02 2.653031311035156250e+02
2.356087646484375000e+02 2.900576171875000000e+02
