-3.556901250000000000e+05
-9.219789843750000000e+04
-8.042703906250000000e+04
-4.240215234375000000e+04
-3.526394921875000000e+04
-2.309164062500000000e+04
-1.477499804687500000e+04
-1.319009179687500000e+04
-1.161125000000000000e+04
-8.174192382812500000e+03
-5.083794921875000000e+03
-4.322606933593750000e+03
-2.739668212890625000e+03
-2.285145019531250000e+03
-2.001603027343750000e+03
-1.850441650390625000e+03
-1.542336303710937500e+03
-1.295140502929687500e+03
-1.186099121093750000e+03
-9.030579833984375000e+02
-8.655338745117187500e+02
-8.070136718750000000e+02
-6.646256103515625000e+02
-5.862489624023437500e+02
-4.900919494628906250e+02
-4.825230407714843750e+02
-3.966547546386718750e+02
-3.804716796875000000e+02
-2.925388183593750000e+02
-2.737406311035156250e+02
-2.580338745117187500e+02
-2.228104248046875000e+02
-1.855612030029296875e+02
-1.796170501708984375e+02
-1.511143035888671875e+02
-1.357173461914062500e+02
-1.066237640380859375e+02
-9.822737121582031250e+01
-9.340309906005859375e+01
-8.476380157470703125e+01
-6.412332153320312500e+01
-5.628414916992187500e+01
-4.559636688232421875e+01
-3.578231048583984375e+01
-2.509375572204589844e+01
-2.127378273010253906e+01
-1.674490737915039062e+01
-1.230331516265869141e+01
-8.900577545166015625e+00
-5.861384868621826172e+00
-3.458444118499755859e+00
-1.770136594772338867e+00
-9.089096188545227051e-01
-4.618148505687713623e-01
-2.484105974435806274e-01
-1.669338047504425049e-01
-7.908190786838531494e-02
-4.212340805679559708e-03
-1.896249130368232727e-03
-7.664361619390547276e-04
-4.550309313344769180e-05
-1.685593451838940382e-05
-1.269221047550672665e-05
-9.409191989107057452e-06
-8.643138244224246591e-06
-6.750739430572139099e-06
-6.455390575865749270e-06
-4.546555828710552305e-06
-3.294456064395490102e-06
-3.059328719245968387e-06
-2.789651034618145786e-06
-1.952071215782780200e-06
-1.634562295294017531e-06
-1.481160097682732157e-06
-1.352674189547542483e-06
-1.273544398827652913e-06
-9.126187592300993856e-07
-7.800551315995107871e-07
-6.774820349164656363e-07
-6.144531994323187973e-07
-3.860332355998252751e-07
-1.558556590453008539e-07
-9.556750768524580053e-08
-3.690391281452320982e-08
3.049043493814213024e-14
7.785843081364873797e-08
2.868331705485616112e-07
3.785418698498688173e-07
5.293979938869597390e-07
6.258861162677931134e-07
1.234261844729189761e-06
1.339338382422283757e-06
1.624028755031758919e-06
1.697684297141677234e-06
1.974185806830064394e-06
2.171418827856541611e-06
2.636123099364340305e-06
2.897853391914395615e-06
3.182077307428698987e-06
4.380327482067514211e-06
5.361393959901761264e-06
6.548378223669715226e-06
8.539626833226066083e-06
1.186384724860545248e-05
5.126450560055673122e-05
7.134131737984716892e-05
1.218024408444762230e-04
3.833840892184525728e-04
4.294285317882895470e-04
2.022558124735951424e-03
3.576926421374082565e-03
9.206490591168403625e-03
4.716822877526283264e-02
7.791216671466827393e-02
3.889981508255004883e-01
6.788031458854675293e-01
2.392424583435058594e+00
4.516498565673828125e+00
4.874771118164062500e+00
8.824669837951660156e+00
1.517547130584716797e+01
1.653302574157714844e+01
2.015391731262207031e+01
2.520488929748535156e+01
2.822462654113769531e+01
3.605253219604492188e+01
4.333782958984375000e+01
4.746081924438476562e+01
5.395832824707031250e+01
7.091326904296875000e+01
7.870267486572265625e+01
8.919049835205078125e+01
9.673943328857421875e+01
1.062910003662109375e+02
1.166007995605468750e+02
1.346680603027343750e+02
1.794994049072265625e+02
1.947604064941406250e+02
2.200534057617187500e+02
2.336436004638671875e+02
2.693695068359375000e+02
3.105170288085937500e+02
3.159445800781250000e+02
3.495927124023437500e+02
3.858789062500000000e+02
4.593214721679687500e+02
5.031822509765625000e+02
5.226779785156250000e+02
5.876858520507812500e+02
6.175051269531250000e+02
7.340831909179687500e+02
7.755136108398437500e+02
9.968485717773437500e+02
1.013396484375000000e+03
1.088332641601562500e+03
1.104808349609375000e+03
1.268611328125000000e+03
1.318618896484375000e+03
1.365904296875000000e+03
1.566283691406250000e+03
1.836095336914062500e+03
2.394033203125000000e+03
2.537669921875000000e+03
2.689205078125000000e+03
3.092296386718750000e+03
3.157989990234375000e+03
3.374268798828125000e+03
3.859156005859375000e+03
4.310375000000000000e+03
4.530701171875000000e+03
6.015962402343750000e+03
7.075807617187500000e+03
7.712911132812500000e+03
8.803819335937500000e+03
1.003638769531250000e+04
1.234775390625000000e+04
1.254145996093750000e+04
1.435344238281250000e+04
1.474339550781250000e+04
1.619613281250000000e+04
1.788504492187500000e+04
1.912230273437500000e+04
1.928564062500000000e+04
2.212852539062500000e+04
2.459935937500000000e+04
2.624503515625000000e+04
2.965864062500000000e+04
3.329531250000000000e+04
3.593808203125000000e+04
4.149501171875000000e+04
4.234426171875000000e+04
4.815841406250000000e+04
6.526746875000000000e+04
7.784457031250000000e+04
8.007794531250000000e+04
8.820104687500000000e+04
1.099235000000000000e+05
1.257021093750000000e+05
1.834131250000000000e+05
5.768985000000000000e+05
1.036877375000000000e+06
