4.176317824777390775e-01 1.316436274934062456e-01 2.831046787757440231e-01 2.415950423395884783e-01 3.638881851623444463e-01
7.983475168058241644e-01 5.585692800606927022e-02 2.412462994318092038e-03 1.224664053475038074e-03 1.001390399115952533e-03
7.373392323408547444e-01 6.618522467661813735e-04 1.056945860845966145e-02 7.845712424784888599e-04 9.791520329125863453e-04
1.956764982416903456e-02 5.304483466535299570e-03 1.643745481177301404e-02 4.933275279431311626e-04 1.642994098134569749e-03
5.462352530681208879e-02 4.401568803166773340e-03 2.545184886706193805e-01 6.517509606513619165e-03 1.424424008935430419e-01
4.948854089371558240e-01 9.112899586522005269e-02 6.395577443848637043e-03 1.392366081997590578e-02 4.693279069309416024e-04
1.520637253344680855e-02 7.664972167764423638e-02 1.626477777388616024e-03 1.890768482223943205e-03 8.038036614014821548e-04
9.229114109957250456e-01 1.495641278620127648e-02 2.859618473889956325e-03 6.713221730560993113e-04 3.931776986616461488e-04
4.559828021256828179e-01 1.043377930595426432e-02 1.294256800503453680e-02 6.935834703871589582e-03 1.490221088347834233e-01
4.391223884587691084e-01 5.535483621208912020e-01 8.611434777653371661e-03 2.913781799511057716e-02 2.090207239941025124e-03
2.773676385659426535e-02 2.815686636890396208e-02 1.030207250551763883e-02 2.280638405048510554e-03 5.554288551704648870e-04
4.941060810487473143e-01 4.178565435163269504e-01 9.229106637901524079e-03 4.234980411846511923e-03 9.065089664199218328e-04
8.170925419893075928e-03 4.532086367433019181e-01 2.810758024354770845e-01 2.053081405728444109e-01 6.130158246270532574e-02
5.042970333944269967e-01 1.538180836951457894e-02 3.029703983576272353e-01 3.760503349681749378e-03 3.973703164077944244e-03
7.981356767467179258e-01 4.137184193620638099e-03 2.731723142112243118e-03 2.981720211257516458e-03 4.116889598881189201e-04
9.943243516218657208e-01 1.146138108540188938e-01 1.202384253098566546e-03 7.797419121509196679e-03 1.159140091119166809e-03
1.413675225282051973e-01 2.794053160980878303e-01 4.236952105161899580e-03 2.281316443251723558e-01 5.885995062063847927e-02
1.107978913595181608e-01 3.222416289946020140e-02 5.513162071582378317e-03 1.029341165716086276e-03 4.794898461535202871e-04
3.418443045891261245e-01 2.003171631958834964e-01 2.109045165117020247e-03 8.643870763717430121e-04 5.468452550324060142e-04
6.176038353855927143e-01 1.820642459913738524e-03 1.314424554659506276e-03 3.259049397461070648e-04 1.904680276861430441e-03
