86.035821898457442 0.023271905680447839 86.012549992777 1.0139002132641528
85.017106377180838 0.11171934137433749 84.9053870358065 1.1370711644074527
48.438506535584089 2.2572093527455697 46.18129718283852 3.4578225935468843
43.652491495110127 1.2583142437000707 42.394177251410056 2.698374954209106
37.6085963250685 0.9330712883984229 36.675525036670074 2.0427587583904483
36.761756847466273 0.40473393577403061 36.357022911692241 1.5635882525779934
11.591532126208062 1.2818637034075155 10.309668422800547 1.7165980811638004
2.7122046189885531 0.62476485891171185 2.0874397600768413 1.4319492380164724
1.1475479918040767 0.29774584005172711 0.84980215175234963 0.9689885881249684
0.705128443807342 0.15690588774029052 0.54822255606705139 0.6485920603614984
0.22434973995882646 0.059900659198913866 0.16444908075991257 0.3464877832877853
0.19897790889703157 0.038718390216472894 0.16025951868055868 0.23309475569266316
0.16614118627364988 0.036395853838029193 0.12974533243562067 0.18353493214991148
0.17989145112803664 0.042680419172321078 0.13721103195571557 0.18098160609435673
0.13144341078202282 0.0333366854199514 0.09810672536207142 0.1748497437704275
0.10662700833832166 0.038698609761715227 0.06792839857660643 0.16708195215030425
0.099311645856095282 0.04050716802651963 0.058804477829575652 0.16584872704255127
0.095687879817381222 0.044358621339731535 0.051329258477649686 0.16453451007793343
0.076307187382937958 0.039124544462739233 0.037182642920198725 0.16718196996033388
0.09037895247199168 0.043631058905349733 0.04674789356664194 0.16692305066917892
0.095633007083148924 0.048931308882496138 0.046701698200652793 0.15517417621231439
0.0793352935612831 0.033963355265664352 0.045371938295618745 0.15771923343675112
0.078170750155156288 0.038312143020500553 0.039858607134655735 0.15666003540304319
0.071102412542458387 0.0338932809654933 0.037209131576965079 0.14751160930981957
0.068071075079463084 0.030192919236799322 0.037878155842663755 0.1483263900403986
0.061616737400105454 0.035301403799220414 0.026315333600885039 0.1501433554599137
0.0697829436406732 0.034736108253005694 0.035046835387667508 0.1533559567942932
0.055756992052398868 0.023538726864985815 0.032218265187413053 0.14265913038890216
0.061729995627302914 0.026627309017576102 0.035102686609726812 0.14135044435928218
0.051183076046552548 0.030906199377186392 0.020276876669366159 0.1521146439639984
0.052409550390800724 0.025787141174782618 0.026622409216018109 0.1444235815938485
0.052322103183713789 0.026462287608310219 0.025859815575403573 0.13771375143635992
0.048139785835195646 0.027221788070169436 0.02091799776502621 0.13392559692030667
0.053799972555411871 0.025720834831790055 0.028079137723621819 0.15030629552461988
0.045327020055151816 0.022382957999188956 0.022944062055962861 0.14378559465760704
0.0406115261948522 0.026606960384870055 0.014004565809982147 0.13655659517587687
0.0462289183599706 0.021610386082136411 0.024618532277834192 0.13217662036712782
0.036914946514839911 0.021774752343412342 0.015140194171427569 0.128555066649067
0.058427234158741528 0.027101018603911092 0.031326215554830436 0.13243394197841404
0.0431609622172192 0.022195090538843016 0.020965871678376186 0.1415476629269833
0.028876246210269255 0.020214800741294323 0.00866144546897493 0.1284840730888444
0.031680887233396321 0.020449873854735762 0.011231013378660558 0.13113755308423225
0.034385593116957609 0.019665298160487933 0.014720294956469676 0.12716296066633115
0.042285256139481128 0.019495155283191588 0.02279010085628954 0.1367508514967352
0.0342704264897114 0.019892941700013166 0.014377484789698237 0.126099126968192
0.030116491998833265 0.0201059595708878 0.010010532427945466 0.1225939036695714
0.041969332243160226 0.019914353718510584 0.022054978524649639 0.12813888445047894
0.040866322910439845 0.019002666610791384 0.021863656299648464 0.12617757931536952
0.031952824211151178 0.018591778435182865 0.013361045775968312 0.12724664358343904
0.032758256087885886 0.019982859142505596 0.012775396945380289 0.1291634511148626
0.031862413341745249 0.017873631766019422 0.013988781575725827 0.12387900583306857
0.022264232985213097 0.016573752423469659 0.0056904805617434386 0.1254709599028607
0.021512747824822 0.014445598899234432 0.00706714892558757 0.12663714167999413
0.02753160892099871 0.017547168337695655 0.0099844405833030558 0.12602294590535656
0.027617618644267313 0.014788971185695683 0.012828647458571631 0.12327565291474234
0.037110476117020993 0.01625867899729309 0.020851797119727906 0.11543548874855691
0.023612466084933732 0.012817812058162648 0.010794654026771084 0.11426112617901706
0.025257552006161317 0.014068036334173648 0.011189515671987667 0.11658011659638151
0.023319435980075534 0.013381171160362967 0.0099382648197125674 0.11729013720044833
0.023108331072826942 0.014637364367591263 0.00847096670523568 0.11144772299062516
0.030354253832918406 0.013255080547309631 0.017099173285608775 0.11395250587846627
0.022689663806801041 0.013782930161048347 0.0089067336457526961 0.11247654977672886
0.027157308652980085 0.011834932238199789 0.015322376414780296 0.11697458180490528
0.023439641828547138 0.012051974992357755 0.011387666836189381 0.11046717715586793
0.023756311810749976 0.013956827883234131 0.0097994839275158466 0.11023387058737895
0.023582819079116125 0.012185537848564527 0.011397281230551597 0.10515073162280449
0.023345131841904766 0.010767827543214819 0.012577304298689947 0.10895446496424173
0.021501503847661318 0.010693749802892021 0.010807754044769297 0.10651889217310068
0.020259629589009464 0.012128361662588523 0.008131267926420941 0.110342509293019
0.024390026353322814 0.010789159730042247 0.013600866623280567 0.10631276263023752
0.019504162334886829 0.011472599741033065 0.0080315625938537638 0.10347854652038564
0.021375513118089329 0.010837793131718051 0.010537719986371276 0.09799469103520887
0.01727727060976935 0.010132947705013516 0.007144322904755836 0.10217974070034466
0.015658426509293968 0.010185696955564946 0.0054727295537290227 0.1071710937728036
0.019336397040944128 0.0092976033253314612 0.010038793715612665 0.10233990698637438
0.015745414705453809 0.00960645563937397 0.006138959066079838 0.09884947575197583
0.017371070466110888 0.00961998492139179 0.0077510855447190984 0.09761426820229042
0.022589963733757067 0.0098947147309830039 0.012695249002774061 0.1048727387059747
0.01644567982894312 0.011481282859649011 0.0049643969692941114 0.09944201941232118
0.016436726547725957 0.0082312274341547857 0.0082054991135711713 0.09660188205072033
0.020721473853721535 0.0094345610100513531 0.011286912843670184 0.0881274829330489
0.020906415284312526 0.0088367815528096281 0.012069633731502898 0.09889499410771736
0.028666511045524819 0.0097488694939737545 0.018917641551551064 0.097126063303371
0.021727381547465369 0.0088305313194075238 0.012896850228057843 0.08943086778617079
0.013441659627153022 0.0079428751840162556 0.0054987844431367673 0.08600142228806576
0.023847837331757479 0.0079729637615820973 0.01587487357017538 0.08344489571695404
0.013015458282729327 0.0083660645985576751 0.0046493936841716524 0.08562878321372247
0.019858071956950604 0.0063538577792468824 0.013504214177703722 0.08887588807195418
0.019667236632787907 0.0075560449682058788 0.012111191664582029 0.08683622719539846
0.012548815722210473 0.0083308800961054419 0.0042179356261050314 0.0803349494226108
0.011834473535410265 0.0063604717913072067 0.0054740017441030579 0.08273762191740272
0.027349091757637549 0.00654216855138323 0.020806923206254321 0.08149255759918286
0.011733778169383152 0.006364867060125276 0.0053689111092578758 0.0808312652479996
0.0151447559360837 0.0063299713487014343 0.0088147845873822652 0.07296043280782148
0.015138586409730507 0.0063420432467470849 0.0087965431629834223 0.07267616406049171
0.013039328551244157 0.0060406445931787678 0.0069986839580653895 0.0841520788852625
0.014712716479161451 0.0068003039022029579 0.007912412576958492 0.07832976460337074
0.01431727452655512 0.0050725646119176944 0.0092447099146374251 0.07708080309182769
0.0089820641872909619 0.00519290527923855 0.0037891589080524118 0.07507192607312173
0.01140870522512422 0.00548970010921286 0.00591900511591136 0.07224216903021312
0.016405166170777773 0.0064846345808130153 0.0099205315899647591 0.06640668501011976
0.0094155841759679757 0.0046976128962677027 0.004717971279700273 0.07430009887178243
0.010417191261921168 0.0050146517951788622 0.005402539466742305 0.06483503392154148
0.011308435511301685 0.004482354521261527 0.0068260809900401584 0.0793677692885131
0.024017622527420103 0.0045520112879220039 0.0194656112394981 0.07522315257158678
0.010048389269769805 0.0043119502256275246 0.0057364390441422813 0.06600586107663468
0.0075846588663159333 0.0051470237540845939 0.0024376351122313397 0.06233873215657879
0.014668874969340922 0.0049173256713284591 0.0097515492980124636 0.06714614726886574
0.013486581478247774 0.0040069420255929352 0.0094796394526548387 0.06536950679575795
0.0078810973091574827 0.003990416401130575 0.0038906809080269077 0.06083533208127984
0.056012185029856804 0.0046398633359694321 0.05137232169388737 0.07481796798591088
0.0047393828033226344 0.0029524880316834324 0.0017868947716392024 0.05617640658743002
0.0065769591297608213 0.0038126291913622556 0.0027643299383985657 0.06264679892457892
0.0058173027630972311 0.0031947503743753854 0.0026225523887218457 0.05463289803856461
0.0089993911401223155 0.0034252500797383738 0.0055741410603839421 0.05945373372024572
0.009591542229896461 0.0035444136940991355 0.0060471285357973255 0.061587594585389066
0.0062917208800482337 0.0026277331258621941 0.0036639877541860396 0.058192071688935906
0.014831365303162668 0.0025924743366025982 0.01223889096656007 0.060090797058109234
0.013341476270026662 0.0030560778049865261 0.010285398465040136 0.053501255882094804
0.00805345006406646 0.00247406843942427 0.00557938162464219 0.054120408616821415
0.0074572702545220148 0.0028994106768024494 0.0045578595777195658 0.06951370788907801
0.0068264934537241133 0.0029125313014043142 0.0039139621523197991 0.05680738042108433
0.018050200586139424 0.0029612558923830003 0.015088944693756424 0.048075236317815316
0.0079518358358835681 0.0022649846191409697 0.0056868512167425984 0.04570709853921098
0.012224148764775768 0.0021954741950278378 0.010028674569747929 0.04884548557291367
0.0071250022597829947 0.0022029857026035068 0.0049220165571794879 0.056629747118268445
0.017171969805571993 0.0025431153579098574 0.014628854447662137 0.058729765539203886
0.005446371572659865 0.0021617515475578679 0.0032846200251019971 0.04647296759730339
0.0043045733632573469 0.0021918913135268937 0.0021126820497304527 0.04579052380955136
0.00847368981361881 0.0025007260871098471 0.0059729637265089636 0.04845033965602639
0.0040054394132642 0.001700598662495105 0.0023048407507690956 0.043241422058365876
0.02047372669137941 0.0023952452035985983 0.018078481487780813 0.056022962166129266
0.0040770780469848809 0.0019150382054973533 0.0021620398414875278 0.04555622315217955
0.0047397041805099767 0.0019939969815064777 0.002745707199003499 0.04360689515971831
0.0035393801469575268 0.0017894589713774748 0.0017499211755800518 0.043432870062841494
0.008295063162898117 0.0016513503472680847 0.0066437128156300318 0.04503972994664453
0.0063247387956887318 0.0016448528351482223 0.0046798859605405091 0.04005183145643425
0.0041449094624025533 0.0015124693082986481 0.0026324401541039052 0.040107039029239996
0.013463609763786357 0.0015962160280372387 0.011867393735749118 0.05175940952291856
0.0042203109618450937 0.00137836488872198 0.0028419460731231136 0.03989292145161567
0.00377520655988921 0.0013486000955611646 0.0024266064643280456 0.03938225824025123
0.0029861742354971355 0.0012137349542736793 0.0017724392812234562 0.03879782013819184
0.0036370414408528817 0.0014463450257470407 0.002190696415105841 0.04079210944387116
0.0032448611984756013 0.00111119727109523 0.0021336639273803713 0.03455556113528131
0.00862927643005713 0.0017083794018196924 0.0069208970282374372 0.05227415294898796
0.0031235513994579611 0.0012000823359874413 0.0019234690634705196 0.03507156979294005
0.0043801167708493235 0.0013965673125214035 0.00298354945832792 0.040267518380777974
0.0044962023135723195 0.0014655966128757378 0.0030306057006965815 0.037314648508345635
0.0030195047962879836 0.0010463328391474309 0.0019731719571405527 0.0335574634662267
0.0027205440862734308 0.0011448732109742511 0.0015756708752991796 0.03442757854061401
0.007211688064954226 0.00097321957553672428 0.0062384684894175018 0.042640754966886664
0.0075682210259130946 0.0013313074914955655 0.0062369135344175295 0.03610104786962012
0.0029127104801354702 0.0010180654518518967 0.0018946450282835733 0.034194499646887394
0.0059708698475898639 0.0010345372247834933 0.0049363326228063706 0.03464410444543556
0.017186136455523939 0.00106918961181865 0.01611694684370529 0.03957576695360441
0.0048210736770962735 0.0010340935544058672 0.0037869801226904061 0.029312520482921916
0.0073515305058249334 0.0011218330514469806 0.006229697454377953 0.030683264164027016
0.0028543657451976351 0.00093072785768371041 0.0019236378875139247 0.031590300678187785
0.00973528479528105 0.00089657745523290678 0.0088387073400481436 0.031133355547667635
0.0025955920983542851 0.000886732096155341 0.0017088600021989441 0.0312480886499494
0.0040211234027234914 0.00072951411279667435 0.0032916092899268174 0.03522678554480463
0.0049285207378444778 0.00098401110814635788 0.00394450962969812 0.0318463990245914
0.0028452858799669039 0.00094348760087769332 0.0019017982790892106 0.027114934485029617
0.0032202490562919348 0.00084996242619094235 0.0023702866301009923 0.029039185739497726
0.0081929221465043538 0.00097149415217698406 0.0072214279943273695 0.034286420365811116
0.004071529193046361 0.00087489212863953517 0.0031966370644068258 0.03256855172723492
0.00279421357518739 0.00067135752642768012 0.00212285604875971 0.02984045130430238
0.0036718617808863311 0.00070724124529999218 0.002964620535586339 0.026588530823647805
0.002862488219244696 0.000651038568423877 0.002211449650820819 0.030603509643247834
0.0058800940093473491 0.00077309866855249034 0.0051069953407948589 0.03173641706764243
0.0033678871699861237 0.0007882329939964131 0.0025796541759897105 0.029388455839501827
0.0025007279925131766 0.00081819295595554566 0.0016825350365576308 0.029001987976282582
0.0017326989561353742 0.00071155472387695175 0.0010211442322584224 0.027942668914700406
0.0059371510394678421 0.0007808914577278962 0.005156259581739946 0.03747789054446106
0.0025634661068064625 0.00073208869422144367 0.001831377412585019 0.025257388614575094
0.0017801599761296289 0.00067595131461016859 0.0011042086615194603 0.024067967742596338
0.011742566269496312 0.00041086284944789029 0.011331703420048422 0.02701840638282243
0.0030851442298704193 0.00073008358099182829 0.002355060648878591 0.02652978716842252
0.0037409659794830604 0.00066579049078545273 0.0030751754886976079 0.025820624497869833
0.0016464940284867783 0.00057063876400202359 0.0010758552644847548 0.02489792325941781
0.0064105468670076415 0.000577811907941427 0.0058327349590662145 0.025244941624812268
0.0038748247949094341 0.000630484103180803 0.003244340691728631 0.024756739413827562
0.0020106815684616444 0.00062236881102293814 0.0013883127574387064 0.026387454215184302
0.016803492174669206 0.00076464993717262222 0.016038842237496582 0.02967608734565545
0.0033478384983769952 0.00065281711498471476 0.0026950213833922803 0.024412124331056054
0.0033759363858503655 0.0004898004548805888 0.0028861359309697767 0.024107968692150553
0.0032545896467297162 0.00063048807943604044 0.0026241015672936758 0.024783912303194953
0.029431801947548943 0.001255555867888863 0.028176246079660079 0.047289187799906054
0.0013228832030088432 0.00060654601070790875 0.00071633719230093434 0.026007542368736876
0.00097061692721521584 0.00046416698743289165 0.00050644993978232419 0.023952735968481194
0.0011196972263890956 0.00045005197786600196 0.00066964524852309367 0.02225661333957515
0.0025077652261150892 0.00054989546875026767 0.0019578697573648216 0.019952387084182274
0.0009628087414585211 0.00045590098771030045 0.00050690775374822065 0.02325663537332719
0.0027211153666735783 0.00045641053120061315 0.0022647048354729653 0.022864540517565902
0.0020651688049376062 0.00037845104733625782 0.0016867177576013483 0.024970160814638348
0.0017435488825966899 0.00038662199374824832 0.0013569268888484415 0.022079567374453792
0.010661416845554276 0.0005674400273829208 0.010093976818171355 0.02524006328117765
0.035548481457246844 0.00037474465652166319 0.035173736800725178 0.029303898690617787
0.0022002354641877733 0.00038105445048924641 0.0018191810136985267 0.020791281381427183
0.0011640715944443356 0.00039343398660210177 0.00077063760784223381 0.020875723242185555
0.0061995560096885817 0.00040575679168280672 0.0057937992180057754 0.024104275633265934
0.0020288016813588389 0.00031327957744980289 0.001715522103909036 0.021666667590458585
0.0016810233392277056 0.00036789312144837837 0.0013131302177793272 0.019100524407137276
0.041283590359818469 0.00076361438296716072 0.040519975976851308 0.031955177880679905
0.0024812744057964042 0.00031130473618920339 0.0021699696696072007 0.018542879655900676
0.0052053933546347495 0.0003903176427756014 0.0048150757118591483 0.02308998164132584
0.0095243924939031038 0.00038008479567880208 0.0091443076982243021 0.02057539645841347
0.0035856912467106426 0.00033000206728903803 0.0032556891794216047 0.02404383212913175
0.0051716963720905623 0.00026561548203899116 0.0049060808900515708 0.016916540944281584
0.0031085974732114386 0.00032755496835017557 0.0027810425048612631 0.028392398703213546
0.0033238786440672637 0.00028424662338446518 0.0030396320206827984 0.017574871245903016
0.0024955963231703873 0.00029946461000133996 0.0021961317131690473 0.019074299292126305
0.0017793424453183345 0.00031851577665327555 0.001460826668665059 0.02196226869686243
0.028165514738610054 0.0003776085289756688 0.027787906209634384 0.02566777831901491
0.0018427195685776971 0.00035652534202718588 0.0014861942265505111 0.020121759310997654
0.0012074742787405634 0.0003382124475041499 0.00086926183123641355 0.01694799684094831
0.0020990980203801474 0.00030127034497538774 0.0017978276754047596 0.016282851639079134
0.0075427463349512416 0.00030353646454461981 0.0072392098704066217 0.015836097846711493
0.0014860955016833485 0.00026157071489424518 0.0012245247867891033 0.020078850254841962
0.0014883950267825271 0.00030142863455487242 0.0011869663922276547 0.017175029607541314
0.0013101873648142868 0.00023939279426872463 0.0010707945705455621 0.017033035455959897
0.0020036082235325892 0.00021058151528448118 0.0017930267082481078 0.01494768236625361
0.0018586447773610724 0.00030431834731927689 0.0015543264300417955 0.015396886799961287
0.0027985439940686118 0.00044405495656306903 0.0023544890375055429 0.026527978982407493
0.0045829482941599888 0.00038600396942627032 0.0041969443247337184 0.0326330962603136
0.0018960798102662412 0.00023730611165206331 0.0016587736986141779 0.012955243173993616
0.0019619099184675923 0.00024921811191731818 0.0017126918065502742 0.014847946653917327
0.023933559309504495 0.00061280827974799132 0.023320751029756503 0.0198712387081885
0.0016828106062693037 0.00025031781348636172 0.001432492792782942 0.01932817041808389
0.0037378860230896514 0.00025912100927431972 0.0034787650138153317 0.012643645959998997
0.0010338952852922767 0.00023302660575216084 0.000800868679540116 0.016826563343261224
0.0040234307581532612 0.00016665842186594807 0.0038567723362873132 0.014815857545723324
0.0048462762926496285 0.000293031662611076 0.0045532446300385523 0.018755344496074928
0.0017103386412582583 0.00021035699176813984 0.0014999816494901184 0.017987134515687047
0.019062394967638157 0.00029343226932323954 0.018768962698314916 0.02452092671963204
0.0030336057573748811 0.00022222783055909952 0.0028113779268157816 0.015200186899610732
0.0018326284221314658 0.00028423700402332313 0.0015483914181081426 0.017300135620862068
0.0013991356573666753 0.00022256503404283694 0.0011765706233238383 0.012942535359767941
0.0013143249817600465 0.00020017306203083958 0.0011141519197292069 0.012750028358809819
0.0058724694997892134 0.00023628656539586017 0.0056361829343933535 0.020659973923302
0.011079214692842003 0.00025193851817404452 0.010827276174667959 0.02266334721854004
0.0025363078699319696 0.00025431180411093388 0.0022819960658210358 0.023553031087551968
0.0023894993022157596 0.00013872904977337914 0.0022507702524423804 0.02182599991617741
0.0014113877057496114 0.00021118913953101676 0.0012001985662185946 0.013132704890214172
0.0075093717782249644 0.00030965602923879547 0.0071997157489861689 0.02712219552494328
0.021554863378934957 0.00053174852707504384 0.021023114851859911 0.04496539580505341
0.0011097650498529928 0.00022325808146274844 0.00088650696839024442 0.01477444484927255
0.00071512850095249258 0.00020433118058509444 0.00051079732036739809 0.014686800674860605
0.0019452722844419184 0.00017518816788497052 0.001770084116556948 0.012730258089763616
0.0013510984362247271 0.00019032809839105198 0.0011607703378336751 0.016687492763099016
0.0026946154048649454 0.00016667776363152152 0.0025279376412334241 0.017349130561219624
0.00052862775507219893 0.00016164984629311378 0.00036697790877908518 0.015294302736621709
0.0022528449741331252 0.00027271605996435563 0.0019801289141687696 0.01817294426727861
0.00091455158048061485 0.00017267742133392032 0.00074187415914669453 0.014978553375696903
0.001809614944566687 0.0001976857335501127 0.0016119292110165742 0.015364587149753016
0.0011118335860042454 0.00016948710409532531 0.00094234648190892 0.011064965012641323
0.0053798604315401311 0.00024537876629611855 0.0051344816652440124 0.01713280105780779
0.007364867200182275 0.0002706506877567013 0.0070942165124255737 0.019141348853485143
0.00059351703597900287 0.000157138069342404 0.00043637896663659891 0.013794060081459567
0.0050231007729054245 0.00017975652886030856 0.004843344244045116 0.01744540292268753
0.0025257463879068444 0.00016611781620902671 0.0023596285716978175 0.017251547335983646
0.0029937338663495621 0.00016901676182031034 0.0028247171045292516 0.014711842818287022
0.017412841327745669 0.00027084697650145591 0.017141994351244215 0.020182989854658984
0.01651788127285592 0.00059609538168915223 0.015921785891166766 0.0231330124545827
0.00068515411140226826 0.00018962301131693346 0.00049553110008533478 0.015229083249237833
0.00090294053908509294 0.00017073564840251493 0.000732204890682578 0.0146374930401214
0.00071418179451019552 0.00015605642822027707 0.00055812536628991845 0.012800555153453312
0.0010881170624701358 0.00018482667321583225 0.00090329038925430355 0.012331689000988745
0.00055594948749533536 0.0001483739072298199 0.00040757558026551541 0.009775364239035663
0.0022560661231465287 0.00016455198690416137 0.0020915141362423673 0.015430389409061758
0.0043327546050998178 0.00014695735634993537 0.0041857972487498825 0.01163529834602416
0.0082775280239180769 0.00019926343486281598 0.0080782645890552611 0.019084136757139294
0.0042953822548457221 0.00013012801056541565 0.0041652542442803062 0.016391655528519056
0.0021103087698881085 0.00014993604309090471 0.0019603727267972037 0.0158625285094876
0.0065178271548101911 0.00016953562117785488 0.0063482915336323361 0.018688667876959476
0.0038932702701917044 0.00013606571045516179 0.0037572045597365428 0.012460051203638002
0.0021148627339014109 0.00014823343344739302 0.0019666293004540177 0.014053809392595474
0.0058555603035548437 0.00030075295178527819 0.0055548073517695659 0.01981105519464309
0.0011177414490764906 0.00011872114401236582 0.00099902030506412477 0.01121920634271176
0.0032582399771502032 0.00020712314217698872 0.0030511168349732147 0.014831654152986125
0.002532410532184004 0.00015906525922037242 0.0023733452729636315 0.010732608708912822
0.030787320598513114 0.00025279687442748117 0.030534523724085633 0.02481975774238499
0.0025199753161203784 0.00014070895869773168 0.0023792663574226467 0.013006431387398478
0.0014110232969509317 0.00018407294293994433 0.0012269503540109873 0.014571971791082588
0.00082319847241937828 0.00014697943790255587 0.00067621903451682238 0.013916957771558462
0.00124736865100889 0.00016178436213759372 0.0010855842888712964 0.012836754415391607
0.0016664154983244911 0.000177443622798485 0.001488971875526006 0.014084038730793948
0.01325360908696473 0.00019927620422920822 0.013054332882735522 0.023993609818103025
0.0020793939050463518 0.00016255343858932397 0.0019168404664570279 0.013303435198197284
0.0010018004810015695 0.00014219739627764687 0.00085960308472392256 0.011526363702003231
0.0012235046369556764 0.00012433445310411909 0.0010991701838515573 0.012137659645263303
0.00096863990495024547 0.00013247425580217834 0.00083616564914806716 0.01136025580344011
0.0022552742113306915 0.00012152293606271762 0.0021337512752679739 0.010894703427911908
0.018772314095494149 0.00050330315340371419 0.018269010942090436 0.019974601868902073
0.0013611543918355198 0.00014977385627741656 0.0012113805355581033 0.015647043081750713
0.00039249362552257422 0.00014946940949972195 0.0002430242160228523 0.01222092481131789
0.0010391105525959924 0.00014233153797840463 0.00089677901461758774 0.011654020566677144
0.0031543293537358813 0.00013804731611516692 0.0030162820376207142 0.012812679147535868
0.00050667667434658884 0.00012452974881964761 0.0003821469255269412 0.01116985347615862
0.0014946828652755717 0.00015842666085912042 0.0013362562044164513 0.020140117389949436
0.0030453200978489306 0.00012748292064970979 0.002917837177199221 0.010978987962595013
0.0012984235874212891 0.00020471219855302294 0.0010937113888682662 0.016053181861940123
0.017081245356133409 0.0003909318446516949 0.016690313511481713 0.037541192122258434
0.00093548642817720368 0.00014379907751288482 0.00079168735066431888 0.014514435631957074
0.00095933273973923257 0.00019761219025220944 0.00076172054948702318 0.012656904691627027
0.00058117769258927542 0.0001237143429433437 0.00045746334964593169 0.013520372155474684
0.0036633884663840638 0.00015096480713820636 0.0035124236592458573 0.013255007150200728
0.0031307467555409837 0.00015584422297916173 0.0029749025325618221 0.01667301906257944
0.00099531027758074453 0.00015130526635375184 0.00084400501122699264 0.012324867314727624
0.0050022009391769541 0.00012479706672734075 0.0048774038724496132 0.02749901661658414
0.0012473643919667995 0.00010460934049804842 0.001142755051468751 0.010997261332693301
0.0097476435114297547 0.00014679760545648556 0.0096008459059732688 0.01973546985505076
0.0048558857672578006 0.00030725277433528284 0.004548632992922518 0.018904779596364902
0.00083879099118747331 0.00014476321588118886 0.0006940277753062844 0.01256090698360709
0.00081256201811351228 0.00013824584923584297 0.00067431616887766934 0.017290405525842625
0.00084930811186661483 0.00010312886147657225 0.0007461792503900426 0.011800103198181108
0.003780769029574201 0.00018160037312323817 0.0035991686564509628 0.022137742292803603
0.0048389449675011152 0.00013373193936933324 0.0047052130281317823 0.024697852146637007
0.0051309077322121283 0.0002376551937830523 0.0048932525384290763 0.01617128917285784
0.014774281248272132 0.00035322874566590568 0.014421052502606226 0.034841450882229105
0.005727041741969449 0.00023236336356331826 0.0054946783784061305 0.021085711801326828
0.00048973254452317557 0.00012590140427323147 0.00036383114024994415 0.012515955683587137
0.00053325450429269261 9.8119832413333928e-05 0.00043513467187935863 0.011830310308379298
0.0039090547548364576 0.00010577581080902393 0.0038032789440274337 0.014946914680691623
0.002551348725717511 0.00012880368299593466 0.0024225450427215762 0.014248982767135085
0.001511793016809725 0.00010724572656278747 0.0014045472902469375 0.009277690318194282
0.0034875710683560761 0.0001475590160494664 0.00334001205230661 0.014839300320167562
0.0073791850276654757 0.00029663518246320227 0.0070825498452022732 0.020348327820942102
0.0027697985187433672 0.00019940434155776967 0.0025703941771855975 0.018892374952868034
0.0051255481381661857 0.00014761967996611205 0.0049779284582000738 0.026290767074024023
0.00067921519842717307 0.00015139210070478355 0.0005278230977223895 0.010849975351697305
0.00063950810903562146 0.00011207644305246278 0.00052743166598315868 0.011322291016199465
0.0018262632379987662 0.00015071177102401982 0.0016755514669747464 0.021243123810282642
0.0077771072395641759 0.00017199319686210713 0.0076051140427020689 0.03290820426857719
0.0016238628914812449 0.00015492403672655438 0.0014689388547546906 0.011285660807977223
0.001314705455596081 0.00012474097624321087 0.0011899644793528703 0.011843445179170874
0.00066749416098877291 0.00010047565559844615 0.00056701850539032678 0.012793159304582047
0.0016585628026429197 0.00014678081546584324 0.0015117819871770764 0.011561890133864144
0.0055139413060090675 0.00010693465163813805 0.00540700665437093 0.01349430599732796
0.0036331544729439722 0.00014548069904279191 0.0034876737739011803 0.013168938589957
0.0017992942091284605 0.00014802542615475919 0.0016512687829737013 0.013102059583292913
0.00058466722859729287 0.00011077792900108079 0.00047388929959621211 0.011627073545744363
0.00201276873187638 7.4098260648756763e-05 0.0019386704712276235 0.011620192494200075
0.0012666712848083354 0.00015300156001276977 0.0011136697247955657 0.017596178797851473
0.0027576097062243831 0.0001243408005585996 0.0026332689056657835 0.01242889961853811
0.0021329477979682016 0.00010899140589285946 0.0020239563920753422 0.014649426462464338
0.007185094219201443 0.00033833494103180996 0.0068467592781696332 0.03276285174870252
0.00057394814907141094 0.00013950503191454105 0.00043444311715686994 0.014007328303576263
0.00037845179179687012 0.00011357157597546032 0.00026488021582140979 0.010741386762633767
0.00032312593557287379 0.00010791322898295527 0.00021521270658991852 0.010564951710641068
0.00454707292013402 0.00012805490279733218 0.0044190180173366879 0.016026012844674208
0.0011367285691096744 0.00010686539381268774 0.0010298631752969866 0.012525351972793697
0.0085133697829822309 0.00018933690085945763 0.0083240328821227727 0.021285351454490623
0.0027834718657127069 0.00010488671282815354 0.0026785851528845534 0.01601177737706242
0.00080411131024363855 0.00012430767384605818 0.00067980363639758034 0.011629209018300548
0.0011455924175236393 0.00013806353487144912 0.0010075288826521902 0.017362902467706574
0.0069548982206152129 0.00024488205819795837 0.0067100161624172542 0.021413308436430238
0.0020607887798544857 0.00013249808438520994 0.001928290695469276 0.01255299481696622
0.013085978844443621 0.00042164094995020615 0.012664337894493415 0.036321900453845354
0.0037259317718091748 0.00020160136497102254 0.0035243304068381521 0.016479255632228493
0.0013995186409398528 0.00014073996572516018 0.0012587786752146926 0.012678133457236992
0.00053295907316390349 9.1178768096340383e-05 0.00044178030506756308 0.009880200297123299
0.002489006091086628 9.61430037462648e-05 0.0023928630873403631 0.01247388302888821
0.0012576298296400029 0.00012195927800390702 0.0011356705516360958 0.012327349617523327
0.00284096806677651 0.00012911015591004008 0.0027118579108664697 0.010525340352960006
0.0024396992951545848 0.00015830482149369811 0.0022813944736608865 0.024771808491416997
0.011072723190738376 0.00022492660424723571 0.01084779658649114 0.025331115539625037
0.0040336530492939013 0.0002373588014599402 0.0037962942478339612 0.01635937021353175
0.00034144460520726884 0.00013378067540745998 0.00020766392979980884 0.011280569064351088
0.00028758089288325226 9.4252327449662984e-05 0.00019332856543358926 0.011287735936431217
0.00073066574174145105 0.00011232534258131048 0.00061834039916014059 0.009817978017197594
0.0003539137749149346 9.0878456711192648e-05 0.00026303531820374195 0.010957790941784321
0.00090715800278153512 8.802542714082313e-05 0.000819132575640712 0.011604935078207722
0.002130695877308852 0.00016654033360830706 0.0019641555437005451 0.015067669284351423
0.0017475135127791367 7.031746760882724e-05 0.0016771960451703095 0.010307992529487438
0.0032260346004957812 0.00022370716647332936 0.0030023274340224516 0.018684156563046
0.00088214466565565653 0.00010512077349303966 0.00077702389216261685 0.010657976715399057
0.0024142319695550016 0.00011643207476186572 0.002297799894793136 0.009945276727268094
0.0045818633157543648 0.00038561194262800555 0.0041962513731263595 0.022457318553521337
0.0023078199348489483 9.4680359167368273e-05 0.00221313957568158 0.011767748276878971
0.0016956559666366398 0.00015946895358994015 0.0015361870130466996 0.01830537182709016
0.000755332583461693 0.00011386219708701331 0.00064147038637467964 0.012165349541888323
0.0011944515953766376 0.00010138946446376466 0.0010930621309128729 0.009644470607947256
0.0048605401425387638 0.00017201590673332013 0.0046885242358054441 0.015733322226534084
0.027012755150498165 0.00026974509715993271 0.026743010053338234 0.030896791630273597
0.000856686164336856 0.00013452349125040296 0.000722162673086453 0.012511765126330832
0.00025943668525511441 0.00010332540614369916 0.00015611127911141528 0.011574720313108756
0.00081178416441257651 9.4195925296531184e-05 0.00071758823911604534 0.010026843756644368
0.00048455739298529452 8.2540571889726512e-05 0.000402016821095568 0.010412310344870515
0.00041502515068025757 7.9910682748754924e-05 0.00033511446793150265 0.010060793400421751
0.005871226491116939 0.00022170541046195438 0.0056495210806549847 0.03476926964949483
0.00038070334808355984 0.00010453508005712432 0.00027616826802643549 0.010375372503930003
0.0008441641495262564 0.000102781407609139 0.00074138274191711743 0.015013554251986064
0.024032007443997312 0.00016788071423058637 0.023864126729766726 0.024586163598587542
0.0021591503720908979 0.00013149974356199443 0.0020276506285289036 0.015231523489018933
0.0028052039430771247 0.00015617147855583619 0.0026490324645212886 0.015321914138079607
0.0040664759024438878 0.00017560160013085864 0.0038908743023130291 0.018776550697757965
0.0026074774482266164 0.00011953734561356174 0.0024879401026130545 0.019001695957903197
0.0022921223675792363 9.9418190498107824e-05 0.0021927041770811286 0.013177019969250482
0.0028969940167570263 0.00019232524356035897 0.0027046687731966672 0.014660053796432627
Training time: 2084.38
Test Error: 0.02077
